-254.45007667952012
149.07959424470053
126.0795543566647
30.643534277381033
24.883212351269222
-2.287128325573054
42.669883233403716
286.97617956227344
-99.84398862119924
-27.69896230332231
121.67694499777767
-38.74674389747551
58.92303573372839
93.83634131556715
-7.976024179409105
-76.01806069252054
62.947676374419615
-45.720237647165796
35.92890497067411
-153.87983601179545
310.8108140601732
-28.581918164987492
17.639306258046915
26.038736992974854
9.219542542130458
-93.72501317198841
97.67606054689185
66.25084769003578
96.23888293328925
-132.54776306903403
131.05531380120289
32.01066822716202
229.53322466709557
0.9024529768574894
26.149806355310183
14.784262463998846
74.62306625453228
86.27274519595443
11.893525566405378
47.51813597350137
200.2347448505389
-75.28445833751671
-28.631798749294653
-90.46659339964441
-79.40719086287807
-84.2775334840169
-116.1561957518845
-119.88407815876076
-48.34694641817843
140.88354303899763
-177.22479051083505
-124.24209258504288
-172.4877404323716
26.454466305883138
85.72351762667755
-73.12497941934242
106.61846810289518
-155.630452739937
-45.51506193047571
97.0061569886738
-61.60325312792591
-49.26420754892511
-165.0820018510935
-46.258357317998694
164.28476638278497
-147.9415502238269
34.734178637142165
-119.92009598724408
47.10315301988738
81.43845041970098
113.0444370660315
-10.418896910011362
-9.863854740979498
-22.327237647194707
13.869447700434812
-43.03219684657826
-318.8832862099257
32.649604278561696
3.2748113688202336
-102.95505701868916
-240.9432230787529
-61.54008661413803
-4.773851844680626
-160.0590042450395
111.65440162754903
123.64765075633969
-9.542955398397346
216.5279536032616
-102.36894832405831
69.16068491731998
106.84964363442616
-26.54538212999772
123.5986141350493
93.79988583867849
68.00054771599454
103.70315047382354
26.372279940742697
-35.9284597295876
17.739399794419338
-16.39173116634332
