105.15992258240287
-236.0974839089532
143.25758740683992
-2.140311899136618
-18.205661584648787
-143.0221178151806
-31.273690369602903
-12.680929303397928
-47.19538793990881
-12.602230413263683
-140.367403152658
176.91077570325515
180.01102041031342
42.55931895631287
124.7328985367571
-24.44581940950335
17.047504663904483
-163.18484787774597
25.708228730251854
-135.91363943145404
147.20346558421423
141.5070758693746
-17.78438126353836
-59.583159279883915
-2.5710891243349963
-121.47918285647614
69.21048099501434
90.66679665677447
206.11144484967613
20.16677834930002
0.37886576671376915
-157.19543736917072
5.659729492587837
98.0491172544036
5.726999639164882
44.391053202014454
-88.74356287677702
44.23650378486378
178.3689262776338
-12.56670855150199
-65.62068158431259
109.0542628010261
-76.27837094739156
80.36135550931138
121.56476779740132
-150.90982387359384
71.91796240450965
96.5229991449155
-30.08589454506616
53.331456474081435
-129.01185093802158
-137.03632371950982
-70.29629629860892
130.0197528603673
-41.24446198259107
84.09390834271797
-20.00282035138226
-39.473603766574804
181.83318915933634
-84.70150365990214
115.16545200240273
-124.41756855942742
-109.0692403219485
50.5821248726531
-171.54455376593793
14.565226521878586
-112.15697246927108
98.85275994523386
-117.3711501754537
-29.072738857152032
-16.155583566004797
126.53959460751366
-63.091107850477684
103.33058525681608
98.9378373529633
88.68153673564478
55.36747654586439
-37.67989278555798
-95.17755159173869
5.897148756993886
-70.895497929853
-51.09354226078828
-21.98241219799182
-16.153892379922993
40.12296290208539
-13.682579698714513
51.270874160757145
161.7971010732132
-80.57196598680056
32.79197268345152
-14.486918925125828
-38.86337119633568
105.81738970216314
115.64076344330799
24.86509589959447
-130.93626556297093
24.99128986786065
111.84708704209822
-75.44411258612908
-53.918416259729995
