-73.66390763719231
116.60481050506618
113.12881379918247
-105.16580942234494
84.24264922208059
17.003503258398034
-86.55666662537294
-76.41923995770551
122.61896529698735
-58.34120603315726
-167.4575786145647
-7.183034271035481
149.75760498480093
37.160159170161904
-20.470663955572707
-26.582411407094334
58.163414646688246
5.278073218729422
-48.92432192697328
-110.3197223603817
-107.41538026661287
-76.8607844119346
71.76589234113364
-74.1453297466048
-20.02614027912063
8.293361332174342
285.09311553154714
-161.92628514076975
133.4738846419853
222.7175650503251
107.71798788019956
2.3626631129652322
13.401195398085015
-15.196465314438228
-142.506624370789
192.09096282673733
-69.16541068791722
10.729663595391155
39.46172233128617
30.3673467788836
-200.82928780767128
33.253333857016656
77.38401945858644
-138.15158344802234
-168.38455916308726
-119.34033220383373
-94.7053536165564
-202.90344491835157
121.92783029073617
-50.6750966750575
-25.491654230726816
8.0709704297312
-5.930662510962923
31.14195106050841
70.5720269807417
77.28673041612085
235.26594002319325
70.1290763787678
51.61403054497175
172.40591055561165
76.08217992165613
-80.01256647360249
-195.36878949593356
0.2797880680028495
75.53186084794828
-198.065698903023
-54.00159102724382
-3.273329342725157
-33.47865411588657
126.06974042516613
82.9589172296389
-197.66112025253648
-8.441717943979778
-222.18277003533535
-125.74342926912499
-221.21363443818302
-16.560904704149486
15.05566408474377
90.3214916976543
-130.44157928416436
-83.52007333856139
-15.375465329941722
-36.431822728075495
70.09872393573883
202.983708453036
-92.87613719684823
-58.29701828634353
-69.9263462853649
-57.49754346491497
-33.27220609394766
-161.43829666325158
-91.287357369992
137.177716805668
172.04601836866473
-150.0660360620077
12.87296690313514
93.47599958748853
-20.980765546175128
-105.3028358960352
-41.37292355928511
