35.654163239015716
-38.00584095303801
14.610711352175894
19.288241795786853
0.2512122301210855
50.42888704584042
194.07865896385695
-41.7769498989462
-58.292688754593485
143.74647369908627
-216.7223192020331
1.752841484815992
-84.80243416831551
49.899857748386594
13.60932744779391
125.62819190063769
29.371666561659513
149.24175229621656
-127.41316767668042
-72.61636252648154
-5.849711719627205
-50.41839558916645
63.452722904375584
-165.34185101284297
-55.274406341976245
10.215254005370626
72.06207405367911
119.79549182352007
-254.24732865697746
-52.53212436587467
-50.063281128435506
-45.23779249084561
199.92757216424152
-10.357809882085572
0.14025093754773188
44.81676935405251
-118.00843599488869
-25.978995271034265
-79.97150808476849
211.72869179487756
31.771878737725842
98.45290292480978
41.2464897529881
147.0113073706566
-159.7338418790893
-94.56756677901184
-104.68138788317113
-17.075527010484894
57.99785569682571
-171.7006202759515
6.176275978360653
184.57793915995362
68.32083398419402
38.70891720902985
43.77971550460648
-7.915505665236548
118.04690639083974
26.9053397465496
111.24302527936644
-49.8982983376492
-48.333359797427256
-107.39654511256212
-0.7345843980990594
200.8618407930672
-149.8126266916544
32.964384086558496
192.2533194133887
50.90276314165588
44.90224474885476
24.26112159308812
52.224155876618084
47.30724790465196
74.61868417521399
-0.37380969039664613
-119.84901148141313
4.666557403544996
-41.718650566084015
107.36197747096071
69.8585790289214
57.377861987925755
-48.41687990451325
50.22822006396348
31.722831808884315
9.847650313158399
136.51357959206246
-17.618300692417254
28.75389635269144
38.29689295841217
244.7079043980013
118.68980015077814
190.17150300825438
92.78884803224993
-4.935587586533014
65.62531740394508
-129.20770248794443
-180.1385358520404
124.50379175004097
-2.2724594253229355
81.57883353772199
-105.78448261325877
