137.29562493028786
-23.574618978234625
39.87541416653258
53.04120785864157
-0.7557593206473179
26.851939351508527
43.64708129061476
-182.51916860938854
74.30889578020414
-22.30459177520447
-35.95075889591635
-3.9822599736611632
-38.91831590022465
-26.10787708291202
116.18344915913111
-138.87674308009161
68.62492618572477
-99.10982689991751
127.55718716630925
36.60782002616553
40.24983597515322
48.913390853491556
6.7660172817050555
-53.567137964736844
16.685526957384397
-45.561524021570264
-38.12918390413833
-82.61442597998246
-120.33213439123975
-49.68082716632769
29.023830014870395
-30.626838415364738
49.17514173323632
161.61016911174536
206.57671986568192
-67.16660764773009
73.13259075594542
25.776501758623525
-3.3412250824337413
129.161199874062
9.982443109719
44.156221307091954
209.2499433239413
30.467043100587034
151.17793671787263
89.12946840588768
64.90593265170949
35.71626958473968
55.553184088096444
-32.96384992464312
-141.21868525051016
82.37348268391438
76.46311499454755
145.31141553036713
-16.331530696634452
155.02330239451305
7.226592892191925
91.14655369693698
-25.367775379055793
-173.3084802513273
9.305261897501211
-38.17882695510411
-33.308000467146066
-105.68202665099594
80.39907208846819
68.43442007984271
111.10633152895761
-144.04025093716984
28.8058244304146
151.0935123983509
48.67844407888409
110.41464630616879
-74.05515224596759
114.10617233766615
-77.42650239645565
36.42312361740596
-6.732801421927622
212.80407910438436
-48.719585933808396
-80.64600784188958
-64.85993977917008
230.79874793765373
25.13923741257573
18.161738551141802
33.57206107382078
19.455587746938107
87.51693208566594
67.37164178677415
46.370511754479
-39.05742512726995
67.07065324870686
38.21725183403161
24.902880917959173
200.11817624780804
313.0216081559661
-55.14070846634252
128.98189340752674
-84.02915886117103
56.604374405121916
75.46744204347273
