-26.187126168473775
-42.14564077049499
-30.065704818067452
86.24686311732954
-60.56503374814126
200.05831793822335
31.823309086036478
-27.709569955985707
-11.90689888741652
-0.5326264799241542
-52.60925230969745
-2.542634005760073
80.01733265351162
-8.445366270569583
-181.05833360537886
-16.96488136707154
-188.88490104193104
14.50859976307592
-60.81979321515823
184.95675899625257
-82.73065996115419
43.63742903162566
-200.4603516107357
70.54694839117637
13.412907786650514
-53.9373946645579
56.42825844934411
175.40435826802832
-34.88354207466877
109.26237740970095
-49.12544175390476
19.016662039857003
88.15754080763274
118.17597510558667
-79.74329485980952
-160.4183133509241
-116.71376403237129
45.51391145199702
191.46487858891513
109.19037236978289
-155.88202268621473
83.78892403073382
267.96467881246144
34.16590320015132
85.01792744610286
36.13209347119981
-4.159482916164867
60.321881426647984
60.16352364926053
59.121796014646044
46.78234269860944
55.34974734439582
-27.352226997424005
-50.47343680001925
-36.99097837504183
-48.14772883354503
103.7514676037367
65.31322757469951
229.41190887375984
-26.50121588932941
-172.19191764555097
119.10256154622544
39.16306032623453
162.89490929561384
187.2498827871444
-5.305776681899122
-164.44838608268435
30.33374087564229
13.623062243185034
-207.3480443202054
105.32854138620922
-42.00127488502958
-114.76199096936655
214.09680721699584
194.316669918516
-261.8200755642299
52.743425970068735
18.853954286810968
-43.84829897909288
-32.75725600197114
-89.04446776145443
118.5196311644086
-93.46296450310047
149.68301530614013
63.132489311457995
-57.99760828061885
203.1689705664818
-221.16020799387474
-158.9245064795458
13.799349928063299
151.6885287269699
151.26672523980523
215.80695910652298
-307.5594172647942
-38.98037321715181
-49.798715080939424
-33.174628536732925
119.76377740522274
33.0598265578172
-68.84906923777038
