73.02991427729404
180.7221029118338
104.52083746738886
33.85549402654838
-71.04315804101415
-102.71215323207461
-69.89814851118705
44.168042435206516
-181.93439088705054
-63.43136844625431
92.2512210718848
94.50892845763833
-137.38713344137747
27.467316596870155
-40.84534476285907
70.79844149002304
-70.13182885136173
117.49254424532026
142.7676505040914
-8.053629408311142
87.5691538999476
121.1596270873162
-95.203184609289
28.530312733009566
18.40295292321047
-71.61566107104589
-41.78795484654006
-32.88572914811549
80.20674482576219
148.35883864524524
-90.88394934779583
50.46362558113439
181.11787801049408
-8.49164114388061
-193.7233462705863
-36.71551416037942
-16.199790011716047
-119.75839785096161
25.01124774141303
-100.75300080303663
54.43152942604638
168.08220931251248
-110.50079609754647
67.33063558974044
34.57370591040887
-18.56845445298545
78.45225186303009
-49.29301780006588
-214.41366039918483
-58.431407792889075
-25.090132387223797
137.79149213616364
-52.18054715862351
58.60816843612964
-101.29898581847671
153.98022347083926
139.31505148995944
-45.198422711913
-83.44841940574011
46.72778847815784
-213.30129986821046
-51.76614713638637
-66.68814557094056
136.6120403236672
86.14833844722362
0.2150641749935076
68.90404396506268
42.83904896432001
86.26799128163178
-45.6212934508741
-117.24869772818661
70.82884012583216
139.41486968612068
134.74978868704295
-39.545098751127945
133.95085469778627
-45.63282342781283
23.638917172258786
83.81696460832931
20.59184017831391
-149.2699876663472
-35.16629824400736
-164.24290688288843
124.45580964143964
45.486504422986464
-54.37756561210452
-93.14556850346865
55.274208724133786
171.52727682122054
-76.48580193598157
-72.41623789601502
-116.80987807959045
-180.2357830525649
-47.429269594466156
-51.4477966091106
201.56264943264435
-86.98135035338777
-24.0931834041884
-21.542655673648117
9.692734841259892
