264.6944012888295
209.9860152612044
87.79504910861237
-0.6965084586406185
-35.17853433872736
-40.97775004783769
-13.082015421067279
71.44647396222385
-12.29339326436929
15.440389366474779
108.70896961375934
13.477192316216119
55.88650007911763
5.933584098662659
102.65999488386589
-57.343082011190745
-148.8293454407533
-104.21044152079351
-69.8024199444296
58.78646567253419
-55.95682464591266
-98.53345226971602
75.60732929157021
-80.80190673639153
-53.385613981967495
-1.6078731049256678
-61.44563876691325
101.76752443218402
81.32092467666237
-0.9411225838728363
95.35401445969566
-95.69299971667232
-81.57620622934354
-8.183765582100385
-246.46427154715366
-77.159793043959
-67.2937879540002
39.94379196834335
11.428990271918689
-77.8894732264086
40.42521571731849
147.4977273375329
134.86533096146746
191.66482068761908
159.7278302734405
-147.88345318066445
-31.679873805716326
-43.11600180102536
-131.6894141246458
27.070709872563302
-65.18562529993137
36.07101383127019
8.077261993616164
93.09799913498769
96.32649605636567
86.87282520586265
-60.02086484974173
82.81008034201616
106.85590795081218
-16.68296977814449
38.907399284924516
269.02308201071224
132.02938161443427
68.43132912899225
-27.505382145306932
-24.10112888182796
82.94589639088214
32.3654801789162
-3.7285723456799786
81.33638738366899
-80.43713337487394
166.70747959681412
101.45796008879643
-72.12256335836348
111.1428863239376
183.81375891096883
-200.15711008743105
169.10073521592864
95.22450300532203
142.17281034914345
-47.52290264311601
-88.46492734836687
-6.391756300982564
157.18150573973026
-14.070325698009189
76.95499804945817
17.904451964473942
-159.38512022139741
-79.98722748441799
156.64589798430112
25.315053737107032
12.397653704502588
-47.71804711005569
-22.611601841301876
-22.70014144913244
132.58412412781536
-121.96469833971224
31.39987044266542
66.3023260417797
-103.76276304098612
