64.81559214949803
-74.50320680117107
35.82825503090335
-9.840326479331331
-1.5441456129919207
54.20204601009467
-13.183365039954229
100.06029044363693
-19.227199233318412
61.26611497743343
-100.35636251438778
144.82637435676713
104.45214132501233
44.90968830757197
75.2857036964274
-17.21599828566812
-25.73375820970523
7.9203219039844
-68.97611361938851
-131.8222525573952
87.14881633770977
-120.5994626495334
-43.66760815222478
-115.21271224980697
246.8624768172046
-88.72146967351581
0.08151766297607566
-140.81715410120313
-21.787363706279066
18.51926265432288
-33.05440803072224
-122.67370464261998
-60.791608528749975
-78.0645177985161
98.43891165853358
32.916819380546
42.375703263296025
-27.44460491215831
47.2173146930546
144.1562740849676
-12.909107317793286
-64.86548513335131
9.374178294173664
-167.71970279879125
35.332773125146694
24.4027699565881
-119.36640689075548
-50.18078580565406
68.51796790170604
16.44424309205793
101.64700632202882
198.8566169399686
-154.2135013884494
77.08119483568792
165.47844740026605
-240.11800404868163
135.712422614916
-80.30283199199317
-114.55707286950964
4.080327047627643
162.33475172349173
-65.94402080276473
-91.71296354324298
88.47248809881542
-187.80109742973647
-47.15871011814468
-49.10211087193035
-175.82245336583398
-67.26089272532414
-0.0032715070775957145
-223.65065582235073
-74.80887818964553
80.10601467839997
-6.6443327046135146
4.913172068031846
116.26396439875971
14.561025168445116
-140.72922027413483
170.73630252837054
139.35068720994087
111.81502437857246
271.95210825704277
-104.12626365460001
-23.28639955545941
-26.843997101134093
-105.0330156257517
2.3244592968074027
171.18548338951382
36.64585479743553
-25.996732549561514
42.31946288231068
-50.615056300478074
-84.063700805771
89.14954418194297
316.44677059362857
-140.42486781292587
82.53540457018508
-101.29310457821487
-142.5678581882518
65.754621767581
