110.72994832917969
-6.7442909694035045
-101.14763296155871
69.05690952138234
119.95274254213948
120.38562645018632
-155.47760014646425
-63.951804766138366
-66.51202200089102
-40.84986163576119
45.67154100930802
65.82185420145657
102.87653949282011
27.26224384833818
-121.69809135728781
88.97998214476716
70.00291881108726
-213.32350797064203
4.475388946047572
-115.0489246380078
-124.37887831788004
75.5932862996964
54.60419908814633
115.23599600020597
19.34690042882266
62.133722638398126
54.27106269056595
22.694408727985603
-210.30581949699607
28.13648532049587
-15.222174852216284
34.70703707276887
193.06793441955995
10.207213171690608
77.92064958198497
-110.43893026923067
-179.67292169939455
44.99354749080182
132.72053580782273
207.8937720490185
1.3885414354439778
-81.48150911427518
189.80401078252657
-62.79909654695835
-75.63467594744945
-144.13086956852354
39.74352289261625
32.985154264068896
-72.91727275382812
17.90361264142276
11.492009890155916
-70.9642130225285
-52.76413894416921
-37.52147065131671
256.30471396292967
66.48094820793445
23.79926099880103
55.57164921015022
-126.94472923844327
-237.25829492010675
39.57072742884105
61.034871884728915
-21.849807575498616
-26.63847479556859
36.541060828786286
-61.70535221332976
-11.530456819001806
26.971291530314435
62.41328821809231
217.97249478011145
-6.552124077906953
-122.24339360972292
-28.337080659359756
106.08083244007013
50.11794113900734
170.70613686122346
27.491333859910853
-131.55814731216674
-43.226183818583216
133.19861044946555
208.36312641453415
64.10474395449387
-46.4804264204338
34.82208969630475
-14.453050419588905
166.31170388138992
-42.99453185982831
-60.73120052759869
94.29624994038026
16.094470148182396
57.8272386054407
-35.74264756602217
120.07266387510424
168.9234894864954
121.55798677454672
-41.919935125674044
36.010425944918666
198.68811822358552
142.51926596735706
-36.10543100293264
