46.39280293640957
168.8481240597464
122.61914266589264
23.606605870059383
19.825250971952062
-53.54419859136418
176.95025253174364
-144.19676698964827
30.046012401004713
19.967497011194958
-20.838987431106617
12.978311372805951
177.12283347235052
200.83826602948116
-78.61889809422969
-25.44721385260508
-226.33133929888234
-11.015543188451758
151.08761947022649
55.47250456825063
-178.05991593357754
23.460798130096496
29.97463923268237
158.8067104172993
-53.51534978286263
-50.1198102492477
-139.93798047397178
5.773441554559987
-30.066613405100753
-34.89096877312832
159.39620134866087
-10.875800596544718
-47.85108213411093
-9.865242818726287
-35.783531476991634
-91.39148606455674
160.27435216912897
91.78167942904831
257.83070495939234
56.769759755208774
-74.39060794878958
-10.248398124344853
187.7209795666147
87.40736980396669
1.5702820431325204
30.469279531298014
109.59021667905076
-0.8803249475830466
23.604626135903203
-172.3037335722046
53.65543943493727
-276.12878319134916
7.682448022373606
89.59193791151209
31.531745026140744
151.26410811855828
121.98851853595302
84.6741223335202
18.128045599683354
-60.081705382756084
121.01074440897996
9.00271389858299
78.50178501607991
-117.13883544771585
-7.283638052342056
2.320286550378163
-5.653141897067933
-37.84221861444829
-7.833964275763712
70.77651809907054
-118.11574795038783
-74.89822248687693
132.6588236198498
-144.7332131860787
5.9231977054132
-91.79901482171879
150.54753978666125
-31.21332931412566
33.81553807032336
-43.74835575135626
149.7344851758395
146.04431395008615
-96.53235775926146
61.29801550269377
14.780830219845054
53.65082577024077
-126.92081761585146
60.52392535583409
-72.21605227509585
-20.335163989536916
27.224978705922208
66.98247148014492
-76.79464449479694
120.50282515380958
125.98260182411015
-172.69585970209764
41.677592380821956
66.52572291853824
-100.44505975291274
-81.82026380071608
