-76.88694089068176
-54.097438715053386
126.549973096014
-30.93839989861595
12.20255098315849
122.18616810813225
-21.417291454940145
131.85742838708563
-63.952260747793204
-54.99006589056762
152.4574821238405
164.0729326623288
-64.37039770847967
-53.52411363539036
129.6237860957503
13.574713391246988
-81.51523445775729
-85.97661023948419
-11.64660784703426
261.16895633712454
66.81967302045909
-36.80838836826974
54.550762415518705
-62.592214671086
54.66764142849392
12.30994014756843
60.478663559135825
33.058758130321806
149.82176998750003
14.542207415046612
29.144879109178977
-23.449650606272733
10.97310966397872
10.875897088652561
-86.32876650560297
-96.5043362531021
-80.29645593878351
49.91920440634609
-29.50589146381362
72.46784682838907
-16.402345645111037
141.3340153979735
-195.12753404569128
-51.73949158455613
-28.46159444710618
11.110270292594022
112.5794960425258
20.504823652035384
0.751525130422591
-18.49430746477475
50.23706202540764
10.991315389340313
190.24010350812503
-56.116608274875816
-74.27848986537792
32.544530023782144
115.72621063928437
121.50607458788122
0.46640828286674463
158.3898018329887
41.13684953901273
-4.340536176572929
20.783911561792983
33.10183412461543
115.32495504332276
-57.288194054461286
211.9103692793928
21.003728968252346
40.16973258120641
70.73415009593515
34.293869801358156
-4.584328920228881
-110.88064267042967
145.6898117257464
25.992551790853902
23.00211672255123
-47.42695124182833
-46.493927760903105
-134.8446522727675
-25.556607826583345
1.3172061300842604
80.4645224742557
-22.096126519716094
-62.705116307621125
-21.01067137500511
21.451291930633996
-42.073258190382845
-191.85744322720006
-23.323461927628124
52.26891535007262
44.72351469344906
-7.9623842140043415
191.25786857895915
182.8472438515552
-260.9629077506121
142.99747968249648
-110.5833029826912
-119.17804659949655
-54.76332109002992
-26.01514059775726
