-76.09403986104017
113.47153353449082
126.86550450887236
-111.05490910094501
-126.78988278194666
36.169982000507424
-42.56744584653864
-96.7156857708144
-63.011550370744374
135.67555694003659
-131.4329840296717
77.37290429300408
180.45026812893346
-242.1621286713917
-4.594075651205465
-44.78004891464461
-24.77071103442905
142.6149635438896
17.592506103691605
38.739771418548045
132.16257255358465
169.2425181237943
-200.7456648678819
-152.11516504040034
-30.108645558437615
-126.86515855240097
0.6378674109742928
151.30867102089243
35.845025179139284
-67.69163521300564
181.44420857954051
195.05071456840437
18.717613873633706
-143.28626882095503
-23.08521568679216
-43.10909926022569
-104.1626835331258
92.9810661396215
127.4709997887661
-77.3113978931025
55.977650482628704
-23.03719550017688
104.81021094348773
39.1968922460305
48.239232665871555
-34.05316425949273
121.95494735181757
-93.68432201225595
-55.463042731221336
102.07481206555494
38.61045761650276
-161.6314263229933
102.98799291332035
125.67084848144621
-177.3109384331053
-82.95669880554308
-59.80240394929247
131.78340815489935
6.154606058437402
-78.83275606151915
88.56634142253901
-209.6950806520657
39.825208599803204
129.2527196088681
19.075586921347227
55.65519753448786
-150.98979263023438
-122.37447559373834
0.9530456753470435
-131.8768925989942
251.22758256460375
-19.677065601402685
37.324602805674914
156.3062561632991
-55.50614315857604
-69.74172252450381
-4.427327495601789
18.073410516384826
-137.83288860559625
-18.712548181707614
205.43514963693644
114.44121130471689
41.09914391384753
57.69517178011069
27.24181252897044
51.36051163677932
156.3369434770657
-26.65004854464342
10.740316650868781
10.30150661289442
-54.149640042259364
-63.13614299129571
43.414786488227016
-45.263443000774494
89.74406778787667
-35.99317690584696
19.089379402328262
46.42447143678032
-63.38341531298241
-63.79341664010694
