84.50053060255169
-19.03492069124872
-172.77659066306697
36.484974911222395
19.775081717479946
152.24335688206628
-234.99571791391583
236.76548712247282
31.266824688776556
-16.721826636477942
3.691495653231593
0.8603247826923592
147.44859447511365
99.9970025150573
-117.43097490261637
-110.34636792366342
13.863367454214186
296.7097149917147
-116.3848553775965
236.9204067553771
174.2341595428659
-68.85918919898899
65.16970944929233
5.854290178867486
85.9240540135352
-91.92265001409848
46.48169529374311
-59.573766001048085
189.14891406579665
-58.27042354549758
64.95976829592918
192.80008924404882
-109.21316045668435
-46.707845824815216
-32.65844558198529
-170.63246216169227
70.20736930387623
-62.96567259648036
50.24353053829383
-106.47264962778097
-78.36041381979145
305.9189804568377
84.32777251782045
195.17065969636772
-59.54285208645723
-261.3580715014302
38.70602585670213
115.21377370531584
48.91435622013187
26.509572777762067
-161.63317335884793
-156.9976943897187
68.90675916776632
-33.935010142090235
119.12407679794075
183.37148580513264
-213.94679154909429
-130.87604162120806
59.69294863585632
-184.86606159826147
-48.67935146880009
170.1741711047155
-154.3567534296507
-84.87278978168862
-97.61936397277915
50.34912461111139
-29.229323486196336
-128.95814143080003
152.55482824184344
109.3358433029833
-61.514807555340695
-0.08391360830376193
-29.111029283602896
94.70453710666062
79.80590278110363
27.565048637197233
-61.0352864486168
-45.78840468752717
-3.6181259926047122
114.40372325171326
-84.88184652594423
112.93529808615287
-13.961647558190975
-54.50092294457714
-47.46750669205372
-29.662624279328185
-65.36233057081373
165.85989310687756
-45.37761678156651
-187.66538476023422
36.17989370467722
-64.03348953703977
71.52917449848404
-39.13187288109127
-276.5214105194738
-76.85401790683167
81.0131675828088
1.4427992215205965
103.74749310775874
13.847853563709
