-69.11768379477354
119.46974762003481
43.40111365721745
-30.095821761860478
125.55425540198831
38.01635313015544
-20.649837890951186
-33.28645209594844
33.50267765094853
59.60017729512373
63.376893490565294
51.46874304156905
1.353872816364964
-14.935175482994136
116.23628032659882
80.86499492573304
195.8149151936557
-20.88543436958662
-16.839343847383674
93.04284527316234
-44.08280059210991
-160.09778572179033
-23.95622684949567
111.97827254719827
-167.0858610816182
117.65337032730959
-48.19550717492358
36.708357346703686
-222.43145440887733
109.27853751468008
-1.2131644945793063
0.030601476010978956
-90.45680902450466
76.19499862974743
-31.646163097325434
-81.97731097157147
139.94914971954887
19.849925171666676
206.18203565161426
-77.14212477752503
97.14511938349504
49.63249198289023
109.97998689971188
33.350207546147665
-70.65551311351288
118.46136446205146
-25.086008929814653
-2.183000883591804
147.63770058179793
-96.95218488467941
246.51561342549718
-74.12791911115785
121.96793610720408
15.340236109616153
-45.81599777265094
-167.69673129217452
-24.610249867427044
-151.96184270253565
68.55409121583612
-103.29973688743857
-16.12711811608725
-67.55271799358187
47.81155352993347
151.99554366486853
71.10497840653531
-44.87711324296607
-5.2331200220423355
93.9939420870929
174.92932069375615
56.53311129772648
-36.63735435021873
-89.47920863068943
10.79913412228783
-2.2879431637694747
-116.91818457544821
110.08239566566584
-76.52166780411821
3.3655210998642566
-161.22153534056685
36.039833234395054
-164.6674898658433
-99.23200267674038
181.1967520096476
-4.326008602227958
5.008964391883967
217.9916941305638
66.24561251983826
-113.92683871785297
45.5998464721132
5.24358372595505
-55.53690632789599
-124.89166181214637
-117.05416278339547
58.354946972600935
15.105933720892034
-82.37498120595036
1.1580383566979329
103.51130123845678
13.52365529538313
-30.733967830532045
