151.35882941384529
-201.3469207245839
-59.39818832569523
73.86976286677333
48.21169786704155
-196.42888605845945
-54.4936029328332
-79.38693221235299
73.19171378104373
236.21337485513712
2.607554032376556
27.949712514798914
-90.37204511523939
30.435377564263966
136.4568462757689
-11.642764405260547
-83.8553957461033
210.6474296055598
-67.0628406368701
-76.56340227566584
-91.61094284477419
6.615881823958507
-141.122320654219
137.31562150428272
51.62984797150069
-102.46938066930905
47.01559387592039
144.60864236252274
-81.37003568937646
-105.70017868341245
126.91152798644211
4.022006631528888
-37.601401103458784
-154.60421697027485
-25.572221029932926
-86.37222499999321
23.27718204384152
95.60556367758896
-196.11793835287796
80.77662355490202
54.571531646521194
-59.72828505577475
-114.78310692103895
-113.06349078896521
151.2432497855152
-145.83607105154192
72.20456491652342
24.020540850117747
64.47784955524448
223.5613967275355
15.17956886581306
-113.54439418153366
86.64077321862828
-20.108708638883382
-119.92532003179781
-86.19792736461883
-77.68400773560896
-229.59356470938283
193.1247649723399
35.50352815780328
36.15908073430306
56.70099750122033
-26.850699965390085
18.239693347547934
73.09591316000046
-88.32308069014172
5.752372820435213
13.821539865603311
-151.48347553158155
166.0781423108693
155.93967549775465
-103.99562608069876
-84.19370943968775
36.96806241192863
17.381460066347188
-27.864718456175595
-52.24951788323836
141.88907263566028
-125.73055409543329
80.70208315188499
69.85397637141631
24.288008547697654
-24.128635531981658
15.592388461377766
-89.43003117223257
27.959343136119706
-5.02786128077279
182.22188932561434
39.78577846669228
-79.43257821540992
126.27590560735884
-168.2650636218974
-22.292155688032416
192.86705587305045
-114.20762255403366
-13.97273417662489
43.0572585050694
-5.543478494697762
-101.89296429283712
5.167625316051898
