-96.52155975348944
-123.61337599085533
-264.3422649748251
-79.30956422630979
18.291467601190348
-198.75077408071667
5.086158965957895
104.0127079699612
-62.28525139969348
58.12665376504339
-57.027316349987885
312.5333924909585
2.0557806158877705
89.13104563261209
109.48926244703678
-78.96410550440062
-159.67865912358224
-52.39130171891524
-97.85823793653071
13.33610185432245
-43.762907276154124
-93.35001715344995
114.56917227178306
77.21110914326928
-15.851947818642273
77.73139970700556
51.58702745279324
-137.01042647880794
-138.3544808082149
90.58070634353948
-9.508477884751457
34.37459355497645
-7.008536351201645
72.47324066360777
-141.41929684246932
74.40487463337037
13.200111356634482
94.63744745267432
-36.229617540505316
32.20432731639262
66.01347191918566
-170.2510754818754
60.85634231622982
-76.69684442588674
69.35515834588361
34.913839391712344
-91.41826248537109
66.00878041931475
75.9387829284029
136.15155544835045
81.3160948468563
40.369513073014076
-55.069943349523015
-76.78220063646982
18.467479157906443
3.1248757159037783
-48.80087272482951
35.37350635297551
-8.737744376073824
60.080829836581295
-77.37954196552509
-57.19765308809886
-26.062552074199758
42.45918801925926
-11.503833999037887
-40.29276785370654
81.58920976599539
2.4896099778328313
8.373041232327575
6.80582694902424
-58.63851378128909
51.148425659023594
-115.99255276346382
22.596012453404782
-54.56707092623316
-57.336413549393086
-75.33126943467124
-92.27121501636415
38.87935789999116
-145.6859658822527
-185.18284143795717
53.021837264731786
-121.345722686205
214.4688565372246
-82.30501451048222
13.502858372182232
-122.09549361283476
203.4004598034597
-74.45071138104528
181.28306842694974
-13.131100003180567
156.2215612645699
107.30523071613372
-142.3192987857546
207.8164324149815
-37.586598282799144
-149.21442426004256
-96.50174936974375
17.236797466781205
79.87350907140944
