0.023780098436725794
22.850031103670126
21.622704127151543
-57.58198812834341
131.3940057213398
-91.7768310264894
-109.04141153044816
50.104994307193955
28.77250317407299
-52.589532728929456
27.807914602161183
-130.24126568819736
24.845443762186463
52.55569709992664
-89.02281282639689
78.23292578353362
-51.721292429933946
-30.829996634334613
49.526264582083904
-99.30123717590014
34.418825755760665
20.49348778303908
37.36973282811121
121.46537626157935
35.66027893500002
0.6810237302663644
115.09386336257627
-36.08158297906218
-5.670572226262319
-10.644364110549567
-11.310518387445633
164.52050490736033
82.71291276665626
-130.05977920836685
-86.48914007046749
24.29654182294393
-172.33871377147057
45.76466486560616
-56.67156908972622
14.33065448791514
52.069563666492265
-88.89695134865093
128.55703064389726
206.332026103644
64.18936106712093
-27.464215236772333
-31.843075805077746
58.80636708965804
-160.18116357828762
139.69670242854963
-105.79765166043978
42.905230611626415
-186.30799213217273
-233.42042156292925
-101.65004051481893
165.93329978966665
72.60608246361522
76.24098097713565
61.412460017267
53.90648411991364
138.93781404384146
-64.95413258701754
76.55528730818274
-3.5941225115173534
173.50809134597338
79.01203890000696
91.23520624752365
60.230136274533955
19.29289734112284
17.355257156443265
-165.79206733996418
-48.86414272161824
34.848039557907235
109.84837412475919
-34.51162487961668
110.75263692998972
3.906647428612378
-120.54105294026502
-48.23627703532341
-56.661874189847055
-73.9232267340495
-79.63597732405347
-54.653039015436704
175.54931768485352
-48.53224353973441
-81.29628267932874
-92.10958355670047
5.088609382930625
-35.48112648539136
194.90224883129355
-54.800944569008564
-92.60273127238678
2.115739308651988
101.54462893509671
135.05968651808433
118.76016132944545
2.1633125633998445
82.54846321187351
30.914341958079678
71.92434462365296
