91.33414260220444
45.398489168668036
-173.0042806310374
-93.65415078829984
-103.66899020502869
114.88350836779254
13.375854497137848
92.9352575626854
-6.220304802644243
-43.46153853294196
-159.60873601818977
126.57098746418775
-1.6727715922553212
24.023815340462594
-33.899766541637696
-152.35863771761655
-34.787500053975215
24.998053576465797
-64.55789777113692
124.76915492852977
140.30967208192652
8.121256530110255
127.04995397059254
11.526063148673732
99.5267070609705
33.30661721911837
16.753051495778013
17.330990032279292
129.49440794409315
-41.78615213858446
10.827869454807589
30.583593575983823
184.31326712628606
-58.198422958892095
208.62526162374132
1.974429407835757
-60.914822002433326
-42.83369520011626
30.91045781792694
21.812126287592108
6.854140347237893
-51.40180983238254
-39.169320758062845
40.76710781895636
-8.766837887731956
121.824406875801
-32.2744400121051
44.436027399737284
110.99987606101013
38.58240882339811
-44.7778950879064
73.84433421942894
-65.00713275856867
29.36321179788712
200.11917538318386
-87.6420569917649
114.02722377997722
-211.5410013676864
-104.33241990599738
-35.77784143571408
177.23616907509114
95.45081128936077
-31.0188409796447
89.66802365815778
63.6096949730157
-76.35648662246079
-46.3939923115122
-56.970214331712086
-127.9867543233091
169.41023164228923
161.1188940157686
-8.92485604145013
-131.46870696342623
-19.52677725417528
-8.218689101308524
76.65076011855992
15.614834877267842
72.82967293542512
133.09594549749903
71.6905975755489
-42.713079004496336
105.08417582318124
44.39279261022595
-11.578102366838433
-5.476204927886805
-33.56910697903892
113.77613485322705
56.674365580399645
9.834833417437093
55.15225585957563
-42.88451399954379
14.971606681448094
-116.37247270966812
83.09450662080069
89.92603871719695
47.979842183267095
23.651341252146672
79.77082381595825
122.58924373552499
90.13534052261272
