49.67508914852968
189.27519274838212
125.37316981753469
-70.32348332587354
-74.02977815208598
63.603594481215296
54.2614580971865
75.2889314284904
25.776817284910095
115.06441653281338
20.47982965688607
5.871080334808664
-17.849415598631378
-72.7854044564921
-10.102949528826656
-34.50888452921112
167.5091893880107
-79.6535322503103
1.0727463546003442
65.49385530089947
16.100255442955937
-112.54083198202095
-117.48796504499462
-135.06368691580084
-52.247822602534455
-37.44052802966019
86.51949968898748
-6.765264631449892
50.13489904630514
-12.672968826229084
-17.717567595205058
28.114119970827872
-146.55763787013882
217.60159697420252
180.91255300103342
145.31996603261464
130.04884553574013
-62.72652748243475
37.34111701693219
-42.015493860100094
45.551114654046444
11.23833870446501
-29.35003608162416
-10.027555891973638
-2.434993017304709
207.5078507760898
220.4740700567486
48.084153813656016
94.07326007743963
66.91500162020009
-202.3331100691977
22.9003630082226
247.00016363963687
95.75857242395342
-55.073540677178144
-11.447702052662002
15.88843994727197
36.41114652561028
53.23516265110301
30.183352737788475
-3.84477040684113
102.8054568098631
35.695065697814414
7.89825445760954
-1.2503417263846828
212.025490950291
-39.582902370336164
69.47713149776993
24.058943926635155
11.691285004387861
-40.16563553374327
121.58016783217104
45.77797070856718
127.99479124011964
-52.85678554855977
114.34435897150942
-67.35904636667077
-107.26090671788157
51.94866237819062
49.24665522485719
78.25270134990404
32.205322324926115
-175.96192332748876
-70.18614432593603
-43.86582862169524
7.6509227545027345
91.58597069083517
-10.569556071902884
66.3844592361926
-111.79892603484927
-134.04011824831335
115.55835817187817
37.15344811376485
118.58762273994027
-5.744199299420817
4.274222758861406
40.95504928073602
-48.63574528859263
177.50196916603252
42.08746447270874
