188.45603711184884
-94.16372474530333
-140.41634934217097
-269.38368244298124
130.2806684511802
4.564746279799649
-12.291365861525588
-17.218290468283442
11.020038557479044
-223.66635529090763
11.425877993048262
-26.660359603205357
-35.09471040091101
83.67203888401318
97.0225305607984
23.340139697481604
-99.10492318587286
137.36213523985168
51.38554137870087
-15.655694055033358
119.03365427181946
-75.11537691024054
90.85337141543151
9.054784466386089
-26.102332287910336
-205.7583446204134
104.65624877196454
23.89389238533802
-13.498552120838085
123.95911541893098
-156.64301809409164
-96.07296049477823
-83.91751206399252
101.71405407366757
35.67791917200948
54.67128996013126
132.88588719745147
200.99500999265723
102.04452401751084
83.73456266553215
148.56573409272877
-1.350091158972944
36.68385773530664
-42.376411440628864
-136.29239525160557
26.52941272362696
98.5977003768927
-4.834299292464095
-112.29731693609165
97.64714387586574
-23.26301042891845
11.156752704198063
34.93641464817054
9.946571503349018
112.46667816027339
71.13643049114455
-0.9226821395326805
86.93440164203318
113.2916461016766
-16.942397828208804
13.800478695635709
18.350284080562197
-98.23559933080853
31.12114395247095
-30.414937648898622
-74.18211554903777
-56.64334999825235
53.675218855606914
-88.30300776983036
148.80216280626814
222.30705626099606
-54.72697763408786
-36.80110227816153
168.05333144426308
15.251983447731398
-10.864776939806028
-9.97183365954232
-158.93391437169907
-37.61347917700544
32.99348548297283
150.5518414293361
119.30502141877447
283.21605008079007
-66.07658273219829
161.46652727999376
266.61113014560556
-73.69664409376313
-17.01028999997785
-223.42738116187766
-158.41131697837847
195.47647741945937
-65.60361794318324
-45.75122875361729
196.43982883880597
118.07175125555028
89.41230554176687
-9.446394913127087
75.08488183600156
85.4997549375703
48.644395010688946
