92.16160771732169
-23.392621784114205
-17.99550225000558
-96.92450630751745
-104.41181798438056
-34.94553913781601
-81.54332830845036
136.53419874505488
51.137841512644066
-2.3527019733447734
114.00119794230062
277.1289212605285
149.98210049983714
-245.44215060256897
46.18799919090101
137.67680723729802
-43.166931888695515
107.81167943070581
-51.52855275864319
-123.57806220409242
7.8277850385120225
-88.67230826994258
-19.65575948115214
-54.33028577030392
-88.11923266359364
109.8898077965125
-4.787136344080698
-43.6170140926732
-152.40712098175334
88.0303192605111
43.70825272829224
27.897731112036006
137.6389284450544
71.61508989526708
-31.608396573308532
1.835301364231281
-5.906613159443777
183.11033743281274
-80.44481643951585
52.054027729326336
-174.67760172815483
-159.98944711387108
28.93470373483402
158.05935696474415
71.85501582097618
179.87971527936105
126.36365992596322
39.441246344633186
-45.74384073956128
-97.15701488449358
-135.172233937391
68.79358844467808
93.15921172309906
234.7663679326179
42.622189830844725
-57.232443078647435
8.731943824151411
127.90839376005783
227.13714249656815
45.185551677194226
-26.753944490454934
17.1160100521909
-103.77992054699023
-78.38378190648575
139.65856207529345
111.90194994109957
-13.172130673888077
5.558678760607478
-3.785218756176395
84.3480595661942
-1.7596014627349046
-77.37062207864965
67.19470977445377
37.68359067902949
-34.528611210891285
-4.248100286076081
-25.760970037316312
-61.69529724171085
-52.412620149491424
-116.0700055267872
275.99100368067934
-32.070452176999424
-71.34188221502947
92.94254175303027
70.87002032718352
-93.38201089849154
61.91385942070905
-72.94181378474242
121.60572205209425
103.84946566199216
-128.52089843123875
-75.03211915673737
73.68034415004658
72.21145928576009
-127.30714043155348
52.47499539774374
50.294193327652266
-1.7671859777296905
55.02179987306615
31.420074138425086
