19.89320254773383
84.1847994210825
23.156982107022102
85.48397540288563
80.05217328280649
-194.17161501327564
-24.436626504717985
-124.96891533313135
111.4152046550208
116.14371896000546
65.97370019096158
51.31642276209999
106.98109396440016
-244.17091929565717
81.1164210212068
-204.35102118968717
-136.51289536312723
134.42311480754515
105.96331534965607
-68.01243205166797
126.69808073926626
130.57611914717413
-98.24547246614773
74.3781224596553
6.405140533352705
10.442738008777058
27.49980595214506
42.880049519580496
-101.82927614672136
-6.502985816952194
148.11883523150715
-78.66883853418122
-13.445514570814044
-112.35257751571662
169.6806996320044
-80.25354464849276
65.35876852861324
23.93435900643944
-68.88081668983337
215.88667477834025
-5.568892514136978
-92.65056065405275
-71.81187863161955
110.99702474741574
-35.45440350236794
186.0724419832666
3.7920307764900523
135.38461225388113
-132.20574361649557
-74.94470420916628
225.59794394649822
118.49236795656022
30.21127200085132
79.90859252162538
-117.79696881756604
-38.763114970680896
74.94273340674718
-226.77684797591004
-125.78977924824355
-37.28778398957965
12.796428226317738
74.99190039004749
10.816648624648085
17.532903968866286
-63.73171961880904
112.75906967195927
-173.11007285445706
-35.87834910128877
150.20106580841517
38.85705938276574
67.12637814401025
323.3477054451479
187.6643954548021
85.22463651533377
-64.26263410453653
-108.22734598711833
30.703922590335434
164.75593436809174
101.6612821036455
-38.609539291309794
-118.45247909898131
-110.72608989380234
86.2691598953688
-54.40554845623889
2.207656880039071
10.677773449683565
-155.36033052310347
32.282920210177835
15.647423338956262
83.26568459815934
-49.522721668909085
174.2859854854395
105.03132344101553
-55.938718610472876
-27.55676177241056
94.23803432240553
32.720045059595044
-138.65241492538175
-196.30210388078876
-107.7047214870608
