-72.9542410259934
54.54968632446017
-141.41626723662603
131.46465182875576
-52.21167195009995
34.05500478554044
-64.10883168662147
26.736459592337994
99.00850183063893
-164.42544535448093
18.418871871411742
-12.134660150633
62.28905418665718
36.36361340100204
-204.83835441908593
-340.0841843425924
10.38859183589132
50.42604167961339
175.8591289168426
153.66075742262126
-51.859657251735264
74.48077274904908
3.9729829815957745
-32.913086031852984
66.3123196889587
29.411200701168383
-37.10017829987066
-83.41855462133715
-64.45167342059077
-50.14881354986079
36.37652848998386
39.39618171672537
59.32741576291757
-106.30236317040928
-116.51310251221423
24.8798632238837
0.5013276682560672
37.497079539901804
106.70068169841556
-124.75716920674842
-40.172462550507944
5.915794581430736
-46.894337581033305
-117.47340769356765
16.675505994363192
-38.31106762502331
-14.745079811316415
-11.049905764461805
-31.13412350712477
-109.28017008300273
-150.41037791170137
7.2006487442736775
-32.593458094635
-118.14774157788764
66.83501265104022
-57.0025445406428
29.495815778454116
-81.57309723515063
-68.53905946457009
-81.88419708639928
-232.4435614897983
-50.73267487031424
95.83771648368575
-24.418922973781285
1.6395358156247593
-21.09566770151173
-55.03679171063422
-87.06663605390179
6.608161097428847
-55.97038739773147
-247.09480305230755
-53.76902242704884
-40.94506861124899
57.83934957611757
6.028429085017643
-33.0827871891481
14.816717355405267
-140.6756448915501
17.72804282812352
-176.94099729651822
108.98140305575035
192.06138746973352
-25.205208576976943
-25.97081213518532
-48.80673934335917
-20.644561345302325
-12.42245769053179
148.16469930430736
-37.52477723106716
-56.655262793378895
17.606223759465415
252.6803677311933
-79.85923350384209
-129.10622638578744
5.639617523634319
177.16500934708802
71.31462851654597
121.5248024526638
-36.347855751984824
-84.87681282247739
