-43.41623828219701
-39.60427405228554
-34.13358921507686
-94.72715498405432
21.17547593542777
43.36176729711028
-133.1407704025524
44.35981743359658
117.89603902385853
122.54855638015795
11.736614776849954
2.8048190166947506
-11.299441653139674
-44.071118663574545
-49.27613480708532
-86.84004809922371
-135.5791437443783
16.87592934915132
93.64694181055337
-43.28895898059523
78.73519152891892
-79.06295180972754
174.69530836203342
-110.97021681121932
34.67133395575033
-31.53070488814626
-148.3180962916189
122.91584502884608
174.54450816254698
54.4104752881225
-38.96406069728197
45.51138511167445
105.24762983643986
0.6118780985890666
134.79441530109577
24.49171766327161
-48.31897657680097
56.546035590150595
-64.32553743877361
100.13652751177399
-6.1387057050074425
142.16203080806258
83.10245658117047
-92.16785225384466
-7.238275774050589
81.87355942743501
-107.97140654430358
-10.462876453493
-78.04004479706707
-72.76592038711726
117.46747544875011
103.24626188700823
103.9758527783829
64.15484911800974
-30.06928422910292
10.187694083972211
-62.2480709758385
-6.905697097259427
64.87145220054117
66.09313444271152
133.7775171991487
82.3599037674632
60.65967451604809
-47.0153161602704
-159.11189718392137
80.54603083789198
48.35418819571734
155.28621255159314
-53.09334956365795
72.33965740211951
108.41164848003902
-12.535028474906063
-54.73329630229411
104.97513180336674
147.2162441419656
-272.3351751089966
-40.494156397296194
-30.412800437794743
-18.840793905892088
85.27693013694582
70.13389456743654
84.88723798853472
100.00368354366867
-112.11625895447725
-76.67020521191822
-24.11578903256391
-64.90469516200203
-84.71986648643956
-95.71277885634498
43.853972590023574
32.59386597169289
-4.502490731173015
-126.51557221792737
62.96112749951146
8.956193002275155
18.193489274829762
88.73764778830781
-83.68664674834267
33.155287911432424
25.20683103973574
