-67.87668431032276
169.22259251929813
-129.95123606232212
-148.5917349043405
-22.786164686708887
-85.48717925624058
55.81790045830077
-13.13027049599312
18.398084241968885
-11.489812660417908
-45.45404562625643
178.47960195973923
111.17266604414918
-122.47008945769349
4.21428495114398
30.950126255290414
140.6561267091855
120.09042044370459
6.266281173456097
69.72735006668853
-82.86281724089721
139.19060615885704
-163.9739992461627
-80.0929883639249
-159.30037909977125
47.58327483142859
-1.7401560517128853
-75.12602963265691
45.86307887314468
-139.20395940723853
130.68602862521288
-14.625757478537562
51.430326367328405
22.131825946306044
-16.584486994429696
35.8013430799317
-50.26038032862465
-39.55206094427306
78.9137187066274
113.12842833682505
-14.155279536064633
-6.076175587461449
258.0131401424974
140.73875282933116
2.670117769520534
41.5019098812399
108.11589381353511
21.76518656977042
-26.758651471431733
-99.82959189604833
34.5782462347772
234.41176136009923
-37.403452246508415
14.399531336581003
11.945164227744852
16.82041101593234
-67.46333282430804
157.91402757952667
-50.27102032208963
-71.0071219639839
25.830935084938353
-12.685545479150328
-15.938802475462875
-145.8975170509519
36.084358860883825
27.42907359236577
69.39313513062604
11.687986578315336
157.3848337775198
-212.06357706264276
92.32404521597432
11.7295370166279
-107.27801982524409
15.663888723133507
-22.85472572943153
84.03318828602411
18.965932740470507
-90.32312507175484
74.76154651287362
23.254522796067704
52.589481757263144
-129.87264751458724
1.2627186337307563
163.79951401690107
-109.14537166345214
45.58491011386249
9.959218266993375
138.17912139150528
9.552690408361762
-67.38326528327052
74.96584898561788
91.7603782035478
2.7870997582575425
2.2443532395143384
-173.42358427471032
10.153385303556048
194.00164535583002
31.157813212737764
161.0601098236578
-117.3938866094991
