15.002533193619431
42.792951452979075
-51.74969960743646
-123.75501471588862
-27.61830304717632
-139.36358577968937
144.73465446007867
45.119561520291825
318.5904268176724
-26.142309573827866
17.121070429706364
38.94942393657617
185.78661591648918
-14.481339870595779
7.640229082505772
35.7753755581049
-123.21644466697441
19.39453732521463
68.44027852415664
53.86348898072131
-77.37826495459487
-63.19510771226692
209.19003751783657
188.36445674465406
94.0922763648692
-60.47261362863057
-62.993343954068564
-83.56402198664038
69.07790447456537
108.07850561733315
-146.64551814839956
15.890940039175394
69.2347656912836
-93.09578578181693
-129.55735146969363
33.676192336276834
65.55263892218137
63.28575644488892
98.61090759325447
-37.35029206063547
-23.73675410413223
143.68068044451903
192.70895289907662
-79.93120539707049
43.81487718939034
-8.14067876938832
31.207303259370693
34.18487035303511
84.10901735941164
-16.11847744539777
-139.3532222909786
67.15518496282391
37.75555085977212
-27.788462413773516
-69.43661933232796
-140.13236186143249
113.26636081213248
-70.12634000813141
-85.74466978624177
-139.67517467436375
-55.546792382718806
152.0332588656888
-63.15056373981406
62.238202132126524
104.61824469491322
-40.26020231523239
-12.852190347403202
92.22492766307963
-92.83015475684174
45.87638701526158
269.23158968321536
76.52156919242027
153.73326887487337
114.524888205449
-105.56798811159486
-135.46785805542012
79.63846141473172
-181.40613957923804
97.82883789110642
41.5486477955571
46.84770376713023
-98.09408000044091
58.830361983979806
-48.33379816822459
-150.00265924625063
-19.42078537052797
201.32599509766897
98.30756180637985
-31.995744088253147
87.77489356469461
-19.83958139264616
-236.2547362305243
33.33039991695965
19.410420947726614
137.33933693295518
-13.296136053304128
-114.68895770050099
37.8411095931158
152.1722036935159
-114.2783784106599
