-133.41429825065845
-9.04291803738283
-6.010869975431401
59.675698026242046
58.55071301451995
114.54596419521013
-50.1999367264215
-3.2455239067394945
-12.051763913713206
149.4522026204554
165.3690948864134
-109.1633884293292
77.16990737998947
81.1894241218257
74.34711358145891
-47.98661556785587
11.485990744718517
-130.49451794697774
71.39043440622899
232.7802279462572
-15.509404227084147
196.7226702564794
157.76252331161737
-139.28828521816902
-87.93046135741758
-90.63043761502838
7.199530915288998
-124.67269501134427
75.48739686033691
-151.07942465127778
92.32138362840993
143.77411368194018
-134.5805443616809
153.0521017386723
330.799990395246
54.477821187886875
-19.872818571425775
12.147660323182032
105.25416603274485
36.067747122799666
207.75567154336582
-1.3367298732957487
315.82426722477265
69.37131817110073
-29.408135966902996
-54.21616707067197
-72.66135269544702
13.07362687259408
-55.08880344814291
-130.39285013339182
-27.547649642586073
6.34557589494257
143.28192556230624
64.75027383122523
-31.587961034167193
-231.83103847284553
-124.41595956978117
-37.933083743284485
46.75402623949119
-50.77432703956332
23.672787334780402
-1.7859970581459432
-81.16678400384393
220.1146738396063
4.5855878948347275
-43.18264446399733
-24.717480802551577
6.079459150803083
-149.44215447838602
30.944777491693024
19.906299175997205
29.712152807252934
44.79086572928201
-16.569671617224834
204.65085581280076
133.44820713776528
105.5191412397473
43.250406116515826
-291.92460891349964
-58.151688369369325
75.23829486054981
18.260924177919158
-159.16299329601247
-6.5890754226430985
123.27065503621239
-81.89471951429327
119.68699625772949
-8.14340252471348
84.75932496013033
-214.29140090816264
-58.97601495634589
159.3511824947589
-97.47627713679522
10.994766948029621
33.54702913601252
-0.4405542127806594
-99.3174580442275
82.28429347251549
51.62523039673795
75.62869715947032
