-39.928840156741984
-110.0269433526313
-71.8324208827838
83.16177840319553
-188.22735862000658
-88.26990658215325
69.13679120356359
-138.52856719193025
23.3713650769595
53.61802211855846
95.33982358671093
-21.921447604120466
128.64451387704554
109.0496137874582
12.04869577203414
54.16849399418986
-62.22325941775529
-14.1099498945478
21.67672246527736
-51.72349844621099
81.0486289475037
101.85218883508142
174.3625317783021
-178.7291537749772
-36.72519617938001
163.45000090326698
-86.73476985748215
-96.51463185126295
25.721577755238634
79.67192101199144
7.7438022724528786
15.069937808888325
203.02244940832975
-19.591775325364804
161.65437193572316
68.89669075046778
-106.9130918606292
-39.12844691642704
30.190431582355966
34.108157664944756
-178.82176653639405
-107.93775877729517
42.819001291902325
-131.2691404394155
-13.415296933394039
-20.301558598964224
141.97023488510885
-44.619841154970295
-128.83915068058303
-253.44688328782746
-59.784067739950146
-128.22798674525328
-127.44230280590705
-7.106636148315719
147.84603688171384
77.10237615311364
102.99741647325246
153.562544980657
-66.96395247647555
46.24224022170735
112.71069314717569
-61.36438695435159
265.96392220413816
3.218807061166073
25.34353968611317
32.793416643255014
-36.13009063055068
-109.35282905291746
70.09342066639093
86.65518619216093
47.43642037562734
135.86093034652424
30.94913775836712
-214.3750919854479
44.25291784738303
210.20638994019214
155.69374785886598
-38.05650852995206
35.24305862251448
70.40128827709741
56.282377461757015
92.56249277688197
50.23543154027776
-129.84371517640085
103.39584342199937
128.9871916762654
-120.12242902839327
55.55857800491424
157.1392751242031
215.1529107600957
-71.6941383461802
195.73305626131898
41.5594907852618
-36.831278165401834
158.7104099678754
51.96847336562343
54.18909899177287
46.55625708965818
92.27301620136306
63.96592309684204
