53.15437637146976
214.6327485376135
111.07989742629857
-71.08491453710255
-39.68403532110001
264.57022254530705
-13.606508879035243
-60.23192410307752
-124.60610230018625
161.06205145724394
-53.14628498988758
141.85159015890048
52.89753924841699
93.55640015729962
61.741179042058874
86.77391633706863
21.803337000446316
45.491193644792176
141.94925047507127
29.89082556492653
-67.62260228846321
82.70927826982664
-33.90203283992072
237.2840063590524
187.94768164908893
101.62802217816765
87.66203123928123
-82.2829223081616
40.07740575936985
-160.6266686663126
74.01489557487267
-49.6236182412079
12.345615843277113
32.09988155294853
95.24278273535543
25.523213283172133
-147.03147817858795
-104.0700306004944
-46.689607799274945
56.50840878134541
-90.68276029111493
-73.32625630502729
-25.970802444784958
147.99373530629333
-134.73931857233435
84.60512264441996
-38.68687829882894
-3.5214270301524326
140.62449474588905
-53.67630956948535
-4.690709998650567
24.73408398049078
39.154936412976696
71.86671527154022
40.170467316183064
34.031972982069504
-14.738734635633726
-191.2358242678784
-148.5698306516943
-65.89657696730224
88.79241057956487
-22.881356115871554
-11.545980828500362
129.6615552695839
-72.95849309139449
56.08983023655368
-79.85509171362615
16.830670399504623
-42.06459796082571
-27.292038478070992
270.1412842873624
-204.45838444948794
79.0871719430093
36.27389499313185
-119.09444676483201
-22.878517844434825
-76.45857648690881
159.38669113259314
-12.947034916400149
-14.215198946886176
-91.55259555341993
129.71883799990695
88.63840412470296
30.60916671152141
105.61447975319965
118.2841223447605
54.61732013949835
-65.04570189028162
-81.97564493422695
47.63057291857151
-58.50373065586314
157.65856327205807
275.9429589631278
-48.58896248716873
49.35058921594779
-4.371126792080757
46.141291936594065
-12.815147821787601
-167.09018972236993
84.20342658709178
