-136.3854352278137
46.0159385846934
76.67900405429644
64.89391106563781
-34.44229536746912
-86.93658353244466
-31.104094648037645
-101.85768906941844
48.86214118430673
93.33115664925423
-48.10528270847652
-119.28888064086081
81.27670668484848
233.30092411716214
50.72878289832403
115.50295490531005
93.91928178814268
107.46699714852677
68.01691597669928
-37.396245862107186
68.73353658879745
-147.5564903830728
39.028723502286454
170.11661959696647
-89.83274905993346
-40.88336140370063
42.85078906397881
-205.24272110684547
158.80555530533962
63.68420202460902
-10.738040479551877
-90.17968246328309
190.97654200877759
-151.65116125108813
-7.679860313093869
-45.66055061508466
54.50409511730536
42.724028318400414
2.7044907445654234
182.52238943014078
-66.80550734281711
-90.22112500030266
-90.8208282735333
71.14958770621041
-172.1050457956481
79.80891628071355
30.319608327734066
-164.76458887808133
94.04619772525466
-71.03806025143986
71.61666595188831
9.47220474294331
65.68892365809535
-90.88981318052872
93.38490435934939
226.6603762846751
-0.21782365055093678
-127.88432272024122
-89.5828711617109
24.419346266315195
-50.22360652900084
-21.585932235883647
-16.600201721660028
-30.378101035994575
74.14593137076088
73.46413094502758
-143.37523251363388
-84.77261582588793
17.07741893125255
-76.98294525283193
124.72354569600611
-0.10257259836321353
149.07042562182895
-67.04469321346824
-81.43192606681639
-28.257198964914373
0.6092459406772601
-115.59090747201668
-26.022240407897286
98.66633660048625
146.82443206304006
84.38132610822984
-47.11410592128742
5.455024739989863
87.92902811014773
131.3191822881646
314.106426285331
125.89715204568574
-163.1456816056722
-16.522328528042422
25.32124099655913
153.3670073263691
-17.10147408760551
41.86191749182497
126.0213581835428
-213.5195184170967
-34.58182214377786
27.35794647892382
84.7270987036644
116.24535250656943
