38.35679256815097
47.771811889860174
-23.75596277336991
201.65513738861108
147.16055826589238
176.1104451256776
129.73732781751568
-110.19585331149545
34.337415453970905
46.43852056652541
181.7716300979429
113.86052230690623
-83.4589376268385
-151.7728661719421
-60.60952109516121
86.13761378600587
40.89329414403761
78.35727088279016
-141.76080968279467
-35.76052680306617
-55.10498895692753
8.182596753764882
-16.55220380029682
54.97449654411462
26.28011348330613
-40.51172507025807
78.30655729863652
-17.337663958509538
-13.0234323386804
126.53946219850964
-2.216226073582243
-236.71693951040874
13.427404153026538
3.587666974766277
0.7108948009996929
-58.96266805655668
-25.907592706416104
15.376804643102302
23.43301335260756
-52.379910728357515
109.93564076910009
-42.90858343545188
71.5519149746837
-191.6153019290726
-48.33322123722821
-12.659984126057285
39.91412408530117
-60.93529174631455
70.66673551135707
-53.69734064323613
-67.28561204975361
220.54341840674743
-23.95057897746758
18.19826854238891
-166.99262974072283
64.04145026841192
-68.20757827779612
295.705109463406
41.687762452603664
-16.615011686765378
152.86279627062203
-14.50838215521103
253.77145431533341
163.46138563342703
53.628954735008755
84.74573362183024
153.4616953702338
-179.61422289438715
119.42050142705959
-161.54640612128352
-136.7924853870786
-3.5872391723171564
-73.58694562872934
-25.693618049762023
-3.3421503742838343
31.557744318619285
13.877844678530616
-84.468505961615
55.56223472986587
2.0537136588740283
67.01262056098963
-131.19064741558182
-32.62591506688461
-30.36280436682604
140.22734319055957
224.6910779749719
50.068904171557115
8.25746098675978
-132.1433860375189
92.15880119591367
61.51987919159217
-111.1425344811409
-58.67229381011289
-10.209090281629155
63.026986261355844
155.45244239907748
-73.21359912450508
-51.53238081978398
56.027217291547984
0.7182343790106067
