-202.25120465751007
123.96838675198788
289.08329246248
4.254066207561497
-61.15508667212832
81.90467835268699
15.747238826366594
-3.0136270108701098
106.9753677280946
24.85774548904488
-9.304621549055206
-49.6484470420931
34.16543446404907
147.82733945622127
89.72407815401812
-87.47469843428298
-59.95819681617654
39.83220410921085
-21.538120477731717
137.22217961234136
-73.41599469098942
153.26337488663185
154.48393313017692
102.93347366504413
79.123048432527
162.70314147811914
24.239052501317843
-53.23247258778494
-23.96830510964184
37.26337635987427
-74.86307467862754
-33.92762833845291
-104.14921743432316
37.81821536486139
-111.78223161550359
-8.428404372274695
55.22522509256756
-11.937864540347462
-249.23012314508617
-197.45045384637777
-102.24677217784674
-68.93596295941192
79.55764895087168
66.21783052190591
-8.861746787104646
215.8430736302614
-48.86390894138573
-32.03616538858338
-3.4503778029859777
108.61841019211958
-109.00661750372767
9.079087961349055
-51.84750161718362
-40.815254062816464
74.18053245416256
-44.2458673613416
-114.00951310894759
-125.0689132689684
-201.70801223454276
-173.60264402669432
-19.9041349581815
76.22411192950047
-31.79406218206077
17.68266628517304
-6.833913271559865
32.6788562307228
-274.246428542947
70.53987199262247
145.6895349001154
-102.83803191468434
158.6190717384162
-130.43142488261046
-6.043634357535343
25.627054950670022
19.475546831611698
104.50848352946161
4.441674002167022
-20.534651532325412
-117.12213440055649
-91.79307891375903
73.21419053979638
-164.17784994896965
91.76238832505929
-280.4044934197027
-5.572828612922912
-128.88187093816634
91.00373990728893
150.48186093640513
121.29021955266927
7.146135979334462
-75.13400464956713
156.7753669351109
-71.58765263953627
65.77505370659986
146.8695968685087
-74.14337436400828
74.1794886895297
-198.54697575071208
4.158686793988988
32.38243987708931
