175.88359101590086
31.461806484126562
-244.07159634934504
98.12063263641859
20.01483042966829
-25.77618093409
20.72084591066467
59.52300315703597
-122.30049901394884
17.767982640824997
-116.19451600491192
-0.35788366144352857
-29.889084293177362
131.83562355555546
177.8116823620145
6.821856272076935
-37.39769072443737
103.76070571399632
23.395638809727778
0.5426358839613581
-115.05476188828067
-12.925823453116092
53.91382105991891
24.572989507570718
-22.820940846625525
183.8751464610897
44.67186198778178
53.90413999592748
42.495673541298714
192.88869063907077
-189.4607087013601
30.982442592703237
-74.05554845888335
-137.8981652025939
-42.590227986824786
20.758697903096405
94.27102096873323
103.27779323615152
-2.674536264510813
-46.17128029160382
-172.10923779516918
49.51668387275476
83.87925545872488
-85.78259794026319
-80.06891723954196
106.01485240803626
-146.3024985239537
83.95809557327182
-42.754509294512296
-62.63713848179549
-37.41131745656671
140.2755543034994
45.87867319368737
-85.21441706527126
-60.5517029184448
241.6200208022947
64.8253568487028
-29.628868378315893
66.4991943933488
73.0013611379934
8.990181928637021
76.01846439114037
163.12912431108825
126.39749053150008
-56.084583838018304
-66.54827093928698
158.48038868444618
58.919005071109936
20.15928960953094
-65.70545200047592
105.60396866559194
-120.41323446017009
31.608477050393162
-114.77314716900227
43.69245770212872
131.04630436781423
3.335353237261465
-66.08997140214862
-80.91263723476222
-92.6574360145156
-76.27544881873216
-87.8268109357335
190.09076617104265
-116.86313829730429
157.02891339572813
124.97891101506235
-43.05595731416081
22.108345678772523
24.065720815008095
117.95328899932979
48.91677811296946
155.8032204972111
100.4840651703026
54.57591367541938
164.04040993659504
11.690950120306008
84.13412030014014
-16.270506280765044
119.45347458120295
34.532131017951215
