-178.9265588443864
-175.5711394558732
115.69617345428051
95.3800507364551
219.09370965134087
161.8035692948156
74.58966717989779
84.31499432395434
50.105970849899705
72.74799883572182
58.41568601653018
-8.636484126257418
89.62625987724712
-62.532804271239954
-49.62051699472794
49.71142961140765
15.934369018737382
-23.95768514182749
103.89977965795316
134.61726171921669
79.02261516193295
87.16583785742064
-163.3429739286901
-66.7982324548974
38.986474155252054
-49.9319552711229
26.717660131129318
-97.26090731565785
146.48852225228262
-68.02912113214931
-57.33463822387087
-121.30405089538021
-35.2189367520201
22.731210587151182
84.92993887988173
-99.26986493146109
10.661541908750005
47.749641792287576
-169.43457341961667
-16.884211323130202
94.8839706871707
42.35703046065354
86.13478076175848
26.576010261095085
-93.2548507761047
-1.894305172291391
-25.519003449747515
-94.9988289363963
-94.68692274425383
-99.22052723853764
-169.56622911094954
19.404345392765563
109.65466978458913
42.008501173285005
6.339875134534548
-53.59825808051074
80.27742770415742
17.802462024382805
103.03365501620047
51.15470236697943
-136.95171735289983
69.739739620293
-1.108012740897646
102.08785896810798
122.48197196628374
-63.59849808972663
-223.74696356623383
-11.98604467639953
19.634506881866848
48.31194303528744
-98.17683959227185
-193.37161165881864
109.04933810666648
172.20162293733742
165.3109109675973
-12.26400668853038
-144.18407615283806
-133.794901389201
-52.35500210490101
67.56497960625029
75.15801988011395
-31.84824465484057
-85.71926436131996
141.48132353929574
94.35688102701221
-199.09012488608164
-75.73002089503233
43.13319830761082
115.19782589307762
0.22032447002546895
44.61962246887361
51.90852478284315
103.8944290526309
-161.41605918212474
30.573428268867193
35.8703508830884
3.068594324549715
135.5893422954964
128.45025270247442
-47.08803224586554
