122.18320088515743
28.598872737773043
-19.991418056047507
105.83990040825296
-123.76808075784706
15.920641167094939
105.24602232467903
-58.96757833744266
-194.39134497784855
114.74225016437883
6.703515766123548
-50.46621027788943
48.48133962321473
107.96041189850592
-119.387452650711
-101.7956555057166
85.6829846257128
-20.046422812144392
-1.6110966259264803
98.48552552299196
75.24387864312037
-80.13387035582414
-78.65908666597718
-55.595399347802015
278.6576090181037
286.5760660857502
113.04736011001287
52.46654725568271
42.09835825704429
49.5024047776829
25.082391264442542
-34.62837657333233
73.01830191671803
-39.4243318268355
-64.70230721034959
-17.758802676731232
-92.56089872363421
110.40409534824408
131.21460238291763
-97.95108368424684
54.4950379781434
9.457146592302411
-102.69159227851426
21.526696397674673
23.910521253181262
-35.983817421236225
93.92065176607288
-131.5510789263796
-16.13771757545573
-93.7249977091302
-24.943298851491484
77.26850441261415
-107.54672914439558
97.46111885987551
-94.82320656037409
147.5331923751802
31.188084617819182
69.92380522555871
-59.08906155315606
-105.80038100989584
76.43043862246118
73.23960694842133
-55.70459549266806
-5.9792267196074675
106.50038945815965
-32.80429787391948
86.96544643964455
236.17771433948977
-43.33626114729928
58.215720659231536
24.818738373274392
-84.13752471157463
89.21677723690989
-19.039588101365833
-40.51070333792169
-64.91983652828416
43.74614142651733
2.839367287179253
-133.7925459110245
-126.80917348980446
179.96594073833342
85.98254576201448
24.19152490227866
111.0781205914038
79.05007531944966
-11.389492568096163
-196.20601755666078
-65.45198231479955
-74.6612396872731
102.0041338641142
117.54052924318731
-21.315629502516945
-77.63879418045269
40.50364056491195
-41.220227694663855
4.597929532001679
44.691441206354085
-21.005727011762335
86.5949097634893
21.186304536880805
