-56.76601691185053
-226.26789730346354
8.69865479717749
96.7652653527604
49.452522928174766
167.59801026103003
-13.147309560106024
-21.34359937115509
103.50587395287525
-165.0518299185693
248.89398988203342
-128.98162912584124
13.640623846563232
-46.51407833837919
-75.44931299107098
-62.658773738561635
-131.61450065983217
4.9646265924206
-56.07525368206777
134.97250544900004
-207.29546849124642
72.8564908638582
104.22766219002861
-73.21165106860451
95.36489680242981
-161.42515197957698
50.979408993696595
35.25949235770932
-149.23299641459553
108.98291776707762
-159.13019464182776
106.74865992445794
-27.664080509004414
-129.9892457477085
-64.46364263145757
61.20346099831602
155.20835765123581
75.92394138333727
78.6606143877935
-63.36224279181141
-73.46034688276566
128.19615344584366
-27.930536377540506
59.84927890142937
-68.93145382140621
181.61317904774182
26.77732319567537
30.790034637765398
-104.80969442844689
-4.743019011529951
-97.12792133693696
112.35711985006095
-86.1151989715539
87.65244147941377
132.8128018589881
29.133442709647802
64.24638559331453
-37.706043958627355
39.134120459596915
-69.70149590570584
-88.44707358527008
-118.92361977070149
-122.7436989242922
55.171483763676754
-81.80817896977
160.51391767313936
29.31183354017824
-96.44367987465577
-37.88232505839304
127.37433529929172
59.22691733988357
79.87284783484343
37.31917303621656
89.95261357490357
-5.052450006893094
-50.791519423427275
-38.765968832673344
141.45810045765307
-65.56557602829066
-63.57720077377931
-79.26135354343427
-46.65833277449435
18.447930075810884
-58.03831214282695
31.196358117731005
-12.700384405898905
57.612581938381425
-31.80342078892925
-13.971016140723403
91.25097135708434
265.372695877089
24.12949680652026
-66.41107376492654
25.868504173962748
26.37804268942467
59.447864496141854
-210.72188099457063
121.4997701722695
22.88204031046037
-148.6612513695786
