-3.9965279953816744
159.5712658541766
50.447545966837154
95.74328539179622
-20.125676449873506
44.26485101313956
-63.35143384004277
90.3209734030633
40.524325114300034
-167.33066460745647
88.46460398117627
-50.3436315597966
-206.1095061750292
-103.93666618766034
102.09233432268465
-115.04172403313727
19.47439500985552
102.0864289039822
120.64969073828823
59.323649874555414
-37.43859976223862
-31.661337205110343
155.30090048772647
191.37644477982292
-87.64661211979953
75.98565784690784
123.60661381393146
-51.3450127394121
64.56194836957846
-45.49442300901396
-22.06717033145953
3.681206551311835
71.72964509932837
-39.05611373131312
-104.52759098578954
-200.04942889980657
-50.510236141958316
-37.54314433273844
55.28765044654699
-54.37815758900024
-87.82698052402921
-32.181052042945396
88.25358349163037
-107.99285657186682
124.89753912837351
162.85621172470655
64.18351905400405
-130.92776028348771
-124.42685352259849
-86.23293370500072
53.64447305771078
-175.2148166832536
10.328899281528269
175.56841788863966
-48.59392475348244
-82.38284748258467
-14.056281703805912
-5.772301236943948
-40.232898326527454
-105.55468015450924
93.64046781027533
91.64730013369994
-162.2263825030086
-44.31024541323581
-65.24298041385066
4.272490645684386
-2.237769251592539
139.89712738048786
-0.4387009560227195
-90.19374187763152
52.78897724914012
-73.24838980754177
-82.3565548603467
15.057211393666721
78.91541110485487
-184.39929900854597
307.4986230463203
100.98346165290967
1.851578522812412
-92.87082841147446
-119.4458589080275
87.95159466416551
1.2912977622723822
-0.7484678314639268
-34.907452712217186
-39.971640306874946
-11.44371745627079
-93.28183666603363
20.86586479946967
36.16220844616987
-53.4862471553279
0.4414024793296214
-70.60034010164937
81.18527474687198
4.410356629521518
36.16700647331402
56.560631065523886
211.00738763340314
100.1920621067747
57.062766941143025
