56.74093486522748
99.13138758605271
12.936308979866135
39.88848832646745
87.88278991550717
21.868728951004506
-52.830032965524474
-122.60979883042265
98.12007213749492
98.95769437883436
132.33445732480905
14.197094626751136
5.880197263538086
173.3997084266394
26.021215599332823
-25.540338543054084
30.701808292403964
-117.06862425982789
142.91119527018137
-21.914066380739452
66.12554542681355
-40.9121191857016
-190.85630074585268
197.40827000884636
79.67746943172085
99.07706512484624
91.1972204030501
90.28662247698415
190.7910951645957
-8.974398658771207
166.19229454285414
72.47885030559345
-95.70134586114072
-144.740813249564
-140.71597088096485
64.60847473614234
-29.96986628173852
-3.481736515803144
-75.80552246870705
70.87993948340997
-20.69140661032259
140.62454252534314
93.95523580295553
95.49377281255309
7.330460426606917
-224.3592650437055
31.080958390957907
252.47377709746098
-116.82494064439085
20.74535502204472
-75.36651684784844
160.44726074566236
218.64806819367013
-138.79373100027223
102.52973142815758
182.70768280501844
161.13903416038457
62.2016010029695
34.515985457018225
130.7679274064205
-64.53581569541626
35.891761200583346
90.00054102069319
-97.83082940437407
-143.48031141069538
-110.3972498679717
-183.77712792004974
-19.07393021414095
161.02687185271677
-77.14902684433662
-50.08954958811018
-28.228183481591948
205.52976710818464
-6.523913424402863
69.55991176935287
49.135707806371755
82.787521605477
-69.27641142485156
134.35105766384117
84.76863292947051
-120.06453052306176
282.31047033444185
-69.48627414643819
10.907240182222429
-112.24364560294534
-175.79732314688977
-84.673422710166
2.471324495529074
-242.8210869795576
106.07638184037651
12.970623943082172
23.91431575435972
26.668151986232026
53.73409690069249
-16.736169425910745
2.345537070576847
110.84072611142771
40.24673824367381
67.92685799746428
14.362703895958655
