21.969353499690865
2.507137349031189
-19.711806955009283
58.072038362941356
-33.37327679353205
131.70888310534815
52.39248714582897
146.7980885513184
49.0719866157369
-129.35976594153513
-93.89208356587787
-146.92977536617832
-5.357595419304582
-95.39107468583153
-9.901365525907746
88.8283929147411
58.25308832895266
105.85409593059939
-4.456682367192023
74.68977202745754
-108.8313325529669
144.26669314387223
-17.347253638604784
120.09614523687621
46.371168103209776
40.758367417500196
107.72146605507623
83.61433756770836
158.48064552222044
55.45537267021301
-25.966125714966516
-40.76741857681427
-81.4807498668593
98.90828357071597
14.133018659434875
73.96783150622872
-116.3739864169382
81.38362396804703
24.986006893955913
-149.5295375494218
36.793961390871
-31.994907917469092
-77.77130302174965
-51.37211554608869
-17.11320770823008
-94.99632573149458
-28.57058182175828
287.6778907845311
150.7683192123581
-71.49621985602026
-45.93842904223213
37.668790903294465
-141.0465037371334
50.774260630580535
23.131926349491273
20.188301403652126
107.37588141866678
-25.519228257847566
-93.97728155230115
-8.2158181168092
97.16865323814821
31.118330032302033
64.23193320649281
-118.08014186609921
95.80689508787
6.214996469589526
174.15820766184146
70.5874469219964
-94.88823619436812
-36.04403786625988
-53.12019927342883
98.01294294472318
-197.84394359860255
-49.127629680269855
-110.11212759020941
280.8666154250702
-45.48293040645858
1.781599993894499
113.43027562380122
98.38949364309511
-11.109407897648786
-57.274817709797134
-164.78857270286957
16.402398110307338
-102.7220646617253
74.81722567729949
-176.4986041132635
102.84484959687927
-27.966968202782894
28.540957477585827
-133.8748560187357
-36.15911398938037
-72.46158753612663
-15.792659168412207
-29.28120318103109
34.64660698120478
1.677895118471998
45.02874726439932
-56.261907795381774
69.86488567190919
