24.241382362290434
76.89358082552228
106.12837011042625
7.6198551473744445
80.67903523225971
80.73773635091321
-49.81143460117649
-99.02181624119147
-35.48329344359714
-14.075968095415497
-54.69104285927274
154.56739369295818
36.27035918671166
-20.847071633783496
-79.69750995552775
23.221420995193345
-5.007879118812758
123.16525001859108
154.88533839038936
-238.76242267875747
22.07079147330736
-143.1226032570254
-55.051870543434745
41.25545955426556
-144.38391185581273
242.01370627808663
62.712844418828944
159.05550015560823
-67.00674602393427
12.142592170637263
193.7527640678164
-47.02493260556493
-21.905786219619692
-61.47561468901537
16.830785824899632
83.00816568310958
-58.54913645214194
-64.00995362195167
-70.70492555357701
-33.85374663802578
69.68599385611633
12.751289177141604
-31.59114445232256
2.829242482421355
269.0650842148092
-31.848594490048967
-11.109392565179576
46.06346383092503
119.59170069176956
-54.034521172459534
116.25256285642566
-110.00081046368001
-115.33214378839308
-4.787511268987924
-81.04192117367738
-115.25637108330531
-93.36992100572225
26.09624203543592
-133.35889635278934
47.750377270386764
37.646995653154015
-99.0284046715392
12.417247145395661
-41.529732659673
-136.57023435348606
-86.05296221183957
208.10485709623745
38.328851882328195
-49.02249093863687
-121.4872205912416
-52.73110301202034
216.53833661233446
21.71060923352721
-89.28274655225367
-16.925570963295247
132.45375172440885
78.59089055588795
144.87019583260826
98.80285998763064
32.54910892601165
59.85858316348291
125.45026901215216
73.71473003417141
2.423956878781979
-108.88229420727274
32.65879658575879
31.814922579108323
-103.56997840265572
69.26759234091294
-100.5065162647693
-52.038146771944625
-113.49518641678962
-30.21737828018623
-68.22582452293743
36.0522589615199
171.98661500339887
65.50168170480501
130.50657171943453
234.64311146146332
18.580806084927474
