-18.65819665004727
68.61613699125735
75.1655665191393
-2.463204055677
177.773706802077
0.8907558843142702
50.79613546702337
22.36887214282308
123.93447930815654
122.61240782933533
-32.796830263333774
86.0322064231447
-64.36383484424051
2.7655150102724146
-94.57797666627488
-36.08897651043279
-53.34985362690615
-30.239374909685317
12.183115261807536
-172.80968558674599
-30.250278305693534
-25.115461123529037
18.69297740620486
77.83626578481041
-125.03595916434043
99.41314751869297
-31.449872254319473
53.865937250765356
-49.996840879722455
72.01144768272789
-9.563752669033889
-113.83636936970248
52.476821308586224
42.09314190665506
-123.46871754801248
317.067025777059
8.916903614116565
-117.21096534619221
113.80916385888885
75.83400175722869
24.280902765378176
-125.03849809444361
73.42504768664773
-183.2210953567615
-26.02278922990199
-7.567337520482269
-33.49954809057097
27.57034090091536
27.189463743095494
35.28990091952765
-61.015236823607026
4.925460848344309
-116.52045579917426
65.03020199568769
174.99929958228026
137.3186758225904
75.64446126099908
89.06966540925022
8.071591778887765
87.00340925751242
-133.33102251898652
36.07509193636903
59.92840427830348
-30.32263557318766
-144.246864904146
67.44418985559278
-89.99277087737806
-118.24053215980834
170.54954999021388
-119.52042582374912
82.94414217912285
-22.34522203321648
-129.04853901929033
7.291001382059809
-39.73876441018605
75.31520660052291
-37.70735326332673
-118.38078809281487
51.50251860924684
161.32539487405717
133.08360859467535
-71.5526045126682
32.58649879770999
-147.06459591939392
11.336116407004143
-98.5839331376572
168.3848603769049
-50.13886418729515
161.776482207845
-62.29762649227041
-304.6535893008205
47.95834547076079
24.968092374250578
-147.07232684383285
-9.900253376511174
-10.084494161216888
31.454848756956817
-16.07835987336137
154.87886184868486
56.44628940646845
