-96.32378075988629
16.109544417036112
-109.14854461623447
-89.12643489891755
39.634082872271556
78.63749512173499
237.11875773509203
-217.28655399750446
29.185734158870066
-53.734618592459604
-28.016725466969106
71.74348402759733
164.67307997181038
126.02370105947838
60.67631372313946
22.10971263513781
-123.45362865396737
-3.865383528205724
230.4000433561916
-41.652197006539225
20.976571125755953
-20.91345246127738
-76.62361810713277
64.8086834233743
-188.05013202348562
68.68690053403304
-52.06513397790333
-79.77498422008908
-90.93456287050589
43.20306669577169
74.72140746189066
102.47765703013788
-53.93356526781655
-14.291187035991541
112.22430773856517
65.41988931551111
85.5439851197659
59.20192655759867
-58.03304004686849
-6.967269558074889
113.06925085857937
147.21353757616808
-67.29318156537485
152.26475708886696
18.159388820013554
204.42549479667724
112.62529783174288
16.664853588356657
171.50092135824957
76.82051482110133
1.74373114030932
-54.22838793257279
27.618987736752718
18.953897541765684
-61.85744737347399
26.4415190913235
5.593862361713368
143.64626317562113
-13.723114894073937
51.14571544673811
-137.0823001860461
3.602742900683669
92.6761082331786
66.47067589438197
77.14593020089397
87.80927744026394
164.50918296385294
-27.75837949443308
-68.09305794270178
-5.649858167298589
92.51384284945902
-95.43294532186775
-11.95464548657257
74.87439601833813
89.68091787984712
-185.25772931394962
90.91843519169598
50.2709218142133
25.887803460196317
-23.99936938319344
52.975796312640725
-102.55437424625592
-11.647312897602745
-29.59055923888414
152.71092463754263
141.15038567799675
-107.98386159042298
-61.31542870615529
-4.941857446086637
32.34271428522962
-8.31109803598697
43.097611563221285
-118.0386555703941
22.989428503549398
56.6781720339552
84.56013499595414
-33.07946513161399
11.731667603683846
-117.71100644900042
123.10156962044822
