56.61967312506087
45.62612059346122
-54.990901629144986
-4.818603601799369
9.737732701765136
-27.510440059690517
-109.91454366676395
162.08397101988174
-14.114558386594751
143.0781283682329
-161.46179345834219
-9.572051343806127
-69.47191052251085
66.91932442315445
85.96902980461226
102.53664493719448
59.62789154272563
-41.94361473599418
-176.1502022003625
-111.84496727461467
27.804956481003572
100.76817396725966
57.742642103963775
117.05048603347889
-54.50050960457891
-37.71994471059481
201.76687365576086
-51.26814062727528
-37.69005620249682
64.59240630030712
-133.55928452564652
-26.13413311694933
-2.528926099780403
-4.97161860083034
-89.94215615689942
-58.63747749254718
-24.992252468394256
0.9262927191945245
-17.21492626896964
-94.28313165907635
-71.26855875952793
-13.739567174590068
277.89861107810646
-121.97251338166319
17.394428974802732
-97.64810279870439
-59.38572571234005
72.67086531942022
167.70262390703164
116.95856907131676
40.92102714111877
91.28593205844537
57.86808990533821
-192.35560024702423
-51.05563164863238
-3.477371236106306
136.33754038753443
75.870132729382
-145.26443491604837
79.05154064757863
-6.604497177017645
14.326811835650307
-47.88455648027282
27.378063752644824
68.77027465871001
-107.42985697146526
-42.305004306928616
161.7069550593615
101.97807532436352
94.62986069209953
123.78540398771678
11.046709166049906
52.92857428442506
188.84319940866794
-78.10897791311001
67.92945168834994
161.42913593057193
-21.433469151707015
175.90094286671115
7.019589775769088
-116.39108506292413
70.73052248484791
85.89405498207677
-122.76907198959162
-108.26601650825982
37.264455914962426
-23.70196257142151
-66.07455118386493
57.16832961353769
-11.126403454435309
11.48833703821108
108.00323267225477
-40.590064789439815
-109.58246442200921
168.17597742987667
1.5479029931448256
31.03492035604929
-24.35646752912477
102.7256805714602
-83.04654253651046
