52.18628249281141
122.4898256885521
23.281593901037564
-111.3054419426108
-37.563263710558914
-186.95086026524876
24.655735211559428
-69.29548574308578
52.767455355558695
-144.7043586952227
-25.86454678385875
48.3198179374706
117.33678394885504
-21.7750576681072
-124.51685493946846
-75.26150301552697
-39.381480462061326
133.3508167054295
98.16943354832463
-33.127772742635294
114.28998936248941
125.82076383739096
110.28844861102439
-186.36376647274548
20.151694390817426
98.1447759844334
33.40158733231608
-107.41470625429169
-55.09914733222685
23.695793609093677
23.72312914143144
-57.1815751482812
91.4573919258399
-57.80041017088115
118.55768920690645
-34.76920590994542
-67.02765672915561
27.05622659260404
-59.56595160943955
-50.87188448686746
-67.19153516324198
117.74597363918275
-70.25553979855694
-85.41334883454658
-121.60632708978451
-37.19173659798188
27.97623596051449
98.12295906612617
170.02741358030022
34.86778590201524
123.14339835863746
-10.86233269284412
-96.23620992582016
55.18626130389453
4.782885633730805
122.1650297746718
-27.672950862978198
54.291758020305224
-169.98983529347274
-67.42162664835674
81.95648415734976
163.1377548138014
-15.479979705529004
-87.7221053242947
98.63919336302199
96.96105291492997
-27.261349386855336
38.643158973463436
-51.61262111720686
72.55415501894083
30.286363505270412
85.96793299953265
15.08830826994782
4.324853992953512
135.05780067484204
110.39981534596637
203.8689514046899
-18.388137349812382
-4.026899832928926
-85.88759427745187
169.12100215730786
16.748250437488174
-67.27800591209527
-43.006195311949696
-87.91533417828407
-140.36736074832527
70.48323203680164
188.2795873283411
-9.621632198468166
96.8372253884329
-76.92444201407638
142.58607319175658
9.962596986661428
25.29678631457633
-57.9779351007674
-68.54717146010012
1.9371965504504605
12.268897265522709
-57.21880558433817
137.0951821662024
