4.314284790683453
219.06536883519524
39.44282314323105
99.62760518549005
69.36264624616263
-88.97977890901429
65.47512964557498
-97.60806151083118
-34.03269096004808
191.10103741863946
68.74335534953872
-34.39954944652388
153.78201233074623
43.996263221994504
-45.06196132064633
101.96276903835626
81.26872671904387
-33.068488722763256
-232.06216643082388
77.4051794230086
125.26921489829931
-59.48045408963159
-7.732371560706124
47.568988004482414
-64.47731320960212
26.750418540653197
106.57651439012938
-67.59439074725263
-36.02270325810473
-16.293418815134533
64.49986454514666
-50.022567010118344
263.8463128329385
21.54138849664622
-13.944486145980928
-175.40004948831066
30.362594812379047
-239.57208446951137
36.68835232687435
98.8525068262371
-103.36352234430491
34.42984583699766
-149.24429702246996
-78.35603932158142
-140.1939986277947
1.6968614865656306
-61.47835073161005
35.06444884241828
183.82309950018208
2.937119687589388
-45.95502969700274
3.86238428349374
240.15113064129892
123.79147256279715
-33.020707522938615
-156.32929246549816
3.5364387109352284
-63.81142685089901
31.913520764562154
15.2533720278275
-47.30579795514247
17.852960240592616
277.2368047742556
48.45494136791988
62.44088919113425
-84.3682715129945
4.155317040782367
-119.19707277806407
199.50986054543736
21.24247308310649
-138.70387696086715
31.514753752593165
-74.08187492400883
-97.43524855051085
20.981033030985316
-55.73717412294366
85.4121314707206
98.7966939292287
95.36827157427507
40.48760344588091
-102.45697613394306
-40.95460107934543
30.035716972005808
124.03904800261033
35.594839347025
-15.809725918533903
-89.03086736919437
-29.895774700942816
-10.477015515829702
119.33855995520243
74.04413657384478
114.54205293560746
-31.246354155859578
-113.65252735311276
-57.93118165838797
226.55960053372218
-137.71453791724315
-6.202294607657333
-21.500242912082545
1.2743558499820704
