-300.94734759335455
-83.14728305947794
54.14456534813223
-17.798538446823002
34.27856738038132
-78.97459160876939
-53.34070214905122
30.815367736517885
21.005025326736376
-30.508618149989722
55.69195529359121
187.94809394047067
38.377699444052574
207.4217863848024
-114.5637188185002
95.64805161955042
-28.128998227287006
-188.126709589648
78.20641285276382
80.36709738773598
61.125707556277554
-23.382091080029475
-18.830990013371437
-17.567555003546353
92.73622568025193
76.95910666999517
248.00244974848758
-92.44812316955922
-19.502312909926975
59.66007150227213
90.8813154841664
0.4775310843062961
-51.527601017888585
-130.23496021127227
-10.063600620374615
227.50087054485613
18.14764380844368
174.36494799580586
137.4642370519835
-303.8708431901068
-94.9196251057799
-86.61449369233796
212.04211831027115
12.701086289584875
-162.49632673794952
-93.06274825913148
-3.4759243893149723
47.24759296296875
-28.287917768957428
167.86956411095707
59.420299886783255
2.0244674349248077
89.13056821604142
-24.606015477300566
89.91362701860002
-56.0414028662578
-81.28254738677717
128.18379847386007
-81.05233428831365
69.23987789287435
219.703579308735
-0.34901214260135127
-0.8651951906008417
59.50813222677519
-69.16222759108442
189.74460264364188
65.71804673341975
75.81358082401727
22.455895213636285
-113.76907864595317
-14.86704341340371
-0.3687815464145139
-70.37901531710479
-82.4251615206506
45.87083978221609
-92.0563861054866
-33.4788952098687
180.95114189830375
-55.44907871359746
-94.38916302284093
-11.854038716092326
187.29232333199073
-191.76268117625594
17.19497594651396
-31.221379681100117
-120.784565522549
25.504196772645095
53.37875723201504
101.24571252005936
-73.353356375464
58.00899064710836
68.6914662889654
-7.970696867123692
14.923022807158917
173.56103861284726
14.854906548898335
-199.93349513587
182.85559392918233
44.63166308857934
22.369469502247842
