61.22492241831722
-4.223535979291865
-56.43904984051589
203.0337138845073
177.29375014407287
-96.39324218753232
-19.182743533117527
106.2976874859192
-119.18927660165133
-57.8533309377422
-21.41194093998253
-10.67355324964414
68.12798911039769
-161.9228154805807
77.60096200860961
-52.30469264962976
166.73551303517752
-87.77902563119405
29.130778751144693
-88.95019355585887
-23.94721049683082
125.94352512782362
-127.6308562460465
-96.60663399075834
-103.4977960303776
-164.11362017454857
-157.9142049242204
9.63520177534847
174.5035601422576
-117.19784722480716
-39.84174463726199
49.35358003375663
93.3372274149609
-116.94245882258332
-60.377345020932225
-7.433245399144997
31.146943275933396
5.340567079399975
-59.62590443922254
-114.80672552921791
-64.54179757428628
172.94988855427948
161.055777986281
-11.605648134238155
48.406533398107236
48.52569396972484
-63.095794080301275
27.239164196683916
-10.249841599728047
103.04241107917142
68.00682352303403
118.32579990937052
68.87154241125897
143.12025686720094
2.2347399968248496
41.33394331566534
-66.99465545167658
101.6338403298144
46.501295462866096
-6.2911138134792886
-14.726099146608629
51.08285344387041
-173.60446509522967
56.00677833224685
142.84462200334391
22.52116686410281
189.73567657352876
2.0348560331219616
-78.2012492871405
103.65704678552919
-67.79363964719154
-56.366008752215635
3.103913617755767
-22.769554877606424
-165.6668694081086
-38.94563463515521
218.2557562703179
-111.59629874413645
-97.04573017841483
62.41743076695593
25.367033080229746
192.12907679970357
-142.14519943501395
64.92573977024153
58.712703622791146
124.73002909296449
46.18624389468406
57.0781347509809
-60.82825487134747
32.10940117051881
103.8788541368652
45.52534997834275
-80.05544534022685
142.47330161652997
-111.18595863045792
78.08181013341007
-80.0711496721132
-62.369461179810074
-20.06152483223091
-21.436027496675674
