25.589776471846186
52.8468361557743
91.77119266619093
-22.980932719224292
98.03861252117349
224.43714667537785
175.8749712360952
85.55058920991645
28.68835430507972
77.09878812213041
-34.461650559406905
78.0083860256885
30.93591260951258
168.4280598316199
61.86908465495277
-37.34691445874456
-26.169095120302103
193.6726910604681
31.054902115450304
-157.96320128891352
-23.68996622663213
42.6885994744106
-86.77409691565764
-76.44842185202543
0.3827946687321937
-36.596718202315785
193.50568334430628
48.6747259448137
-38.17594484625514
-125.8519707460629
34.95632234672742
-96.24712303676431
-137.03029705122754
21.955528433140387
76.53186271635272
142.40442118231005
-162.277379783164
115.2722783225716
65.98663074765227
-36.56302041273538
86.91624160860252
-90.20524835292537
103.52569018805544
81.03899448679056
212.4708933059723
-128.4601750312318
148.53990841547733
-7.236865019176115
179.0499852513983
-15.35675582670141
101.50116062705628
2.281460624904301
-74.6046331249478
31.47590511564538
-156.69407335593414
-37.34730093802889
0.14054754846280915
133.5664495905354
-90.36340262143797
-95.38468589056076
134.11045316580675
-148.02773333102508
57.49851698982292
-53.920417064869326
-50.77087936155283
45.06520878844917
-213.08804517134
48.61195540874667
-38.542895677150526
-178.54450883614302
133.22676516318035
-200.6077031012711
12.163725024612924
21.68727996704476
139.4270797229238
-93.71658495239195
-108.18487043878044
140.99728194938046
83.4361835836172
-84.22118577166376
92.0494485179493
95.38971686969889
-107.66510165601703
-90.53125343969779
-9.223298473293664
103.00349523493374
-88.85143335642579
79.52786710599307
-4.137327339244395
51.88497071741021
-0.18443029810109302
-26.45974618581956
27.479950126147163
62.144368122094356
-23.117159719158693
-27.38163696066372
-68.85879131184626
7.875601511194382
-38.023558992299556
159.92662746222223
