39.58473590028951
94.72038370824312
51.93691696896176
87.55146700421686
1.2938401177300438
-18.316899302490018
20.640710010467284
46.80219350658307
-14.350946558163827
56.46740241916362
-34.34428057202427
117.11629178853796
150.60686170979338
94.10138524247995
19.004954406786027
41.28879694966357
51.39168064113268
96.38365056727547
11.333716176602065
-38.607632183419895
-22.73098691070085
40.39869977775733
90.60483783414064
52.246092270812305
5.976349995489855
228.71337393589874
83.15599793377437
67.04287902498773
-148.1677435887805
91.50704544087947
165.39717247965592
-9.709782715143664
-131.60614224403304
54.611411282974395
-7.455785727892231
167.61574883457862
131.31239451081197
45.056077734890444
-69.70779551796312
-79.46375126719613
-66.88499879530364
76.5731902272079
-62.2703835297485
19.078467394153776
11.011577286100355
-148.84059430187278
37.705200448321236
96.36672400281077
190.64831205655213
-56.07511289772981
-7.882576800663667
5.92855321268043
-63.9350915865306
96.50720426630409
-11.383657880022692
-1.9861696012795047
63.6280017072068
165.67293661006894
-52.03814256418699
-111.54555062513069
42.74533455656524
54.89016817552748
-86.5150713278116
233.37182390204848
-190.80733088666958
-113.54383398715866
5.058641523411744
-25.021246387928443
52.34091754365326
38.38775664178145
214.452653428566
145.82633215515492
225.45565069725438
29.69123590561197
66.36343306354527
69.02616691571014
-16.535102106363194
-124.63982758035905
-164.30123687754346
173.90466327201474
-25.56929411786838
85.34085442289364
185.13014266507136
157.5729977984589
-28.46826493864215
67.3226706440669
-24.270532286580128
9.427550881565052
-117.82082968963991
-115.06567950160597
10.737667906340844
143.79692980665877
6.027511518822421
27.899365406317415
73.79814895005927
-128.2060452595033
11.57491606053771
-141.59464259682665
-155.3413970837045
-58.28840213756472
