-138.31855263424984
82.53652132078417
-39.70234518885211
-8.028684443545
-70.92851018540861
-62.81052753571706
-80.43225979324076
47.168736108786746
33.51454270795537
-89.03093754811306
111.40475144519259
120.5938726721444
31.563398380815
6.109595499966391
68.56580456794278
-114.51635348819904
72.77386705621215
-69.61397184905833
-0.9299332045178108
-7.284576338831933
45.94944586952756
31.54759498673713
-187.54719184512658
22.069100241335335
38.41045377099958
14.389901788204876
-38.64424848551387
13.359569226199225
90.04531735419317
62.899342596384436
39.3567290139364
30.51036906069121
140.33572587545305
-75.08563328279646
25.067534103363425
-81.77742938023894
214.01235106804938
-86.04004943929776
86.80621218392224
205.38806732361076
-120.12502748541743
24.092528192282664
-15.220645152473924
-79.18482901635431
57.52452227487422
103.50174113648038
54.49753016059053
-93.26998803680225
-37.901192965284935
1.928838711599159
-148.0226623343658
225.74095092924134
125.71345357205391
20.884948025405812
-72.56704279832779
-24.121926639411107
95.41016166664907
44.810642302549496
67.935470201047
149.83021511177918
26.17041335763035
-57.955273222827046
32.716113657151524
65.02354482664362
140.51847794970536
-126.74623094267352
118.18298665198367
186.95494164673752
28.330748649575874
-126.82930235606807
116.4374349669119
147.0536655694154
182.86940041225225
79.39037842377434
-188.9049789341181
-29.738668337916508
-31.532610607262136
-92.57522689928591
87.74763332749417
-14.750855073019622
-84.26539855452539
142.48882065654595
-173.95136563717384
-139.92973879133928
-63.59119651834314
236.1764522571762
85.74844091428123
11.511002140207676
-9.05060156925407
-183.2855454405895
-110.41699401087055
11.346451404121334
-148.98242095094517
-47.95213529900577
109.05513364774441
-50.646916178883245
75.15133938193199
91.63471583358852
-45.352383180334066
-36.4693694069074
