-10.549713889084678
89.1726104950908
260.6117949748335
9.217298465521715
-36.18462833549405
15.272232681818005
-47.491864410755014
-34.509833470722924
-35.86720239254007
-93.08278648104361
-75.76911534846266
123.02643735312408
173.01856461292934
57.13315482571011
-106.1430231502633
157.9738142127341
10.915443906366388
-36.1701373641298
-223.74254270676883
-192.29000452344357
66.22113099484741
-2.308951702213159
64.49404192448733
12.364039710696712
64.43533370936728
-104.91311331463325
-73.05635519790707
9.80325642359264
-50.92642381446737
45.29732927406205
21.146879579968406
149.2272732512919
-21.273361887667505
-46.17291513344564
-8.726591403202704
3.3974236758934397
-123.54384748700673
11.642128474810757
72.2862847302153
29.93075473505674
65.16774233430522
38.985344769594505
138.7315409556592
-22.50648568722528
87.90187397423645
32.17308630014631
-170.3682744514288
89.56466129144887
62.233704275211956
-67.42743781176128
-125.20686919150921
48.78350516639607
85.6805569132393
-18.633054376828003
231.34232143752652
-163.33552389759245
142.98590285189272
21.192043884356586
128.14231128594224
-20.08732185022616
-10.760826927137014
77.0367988884092
-63.070997572494804
78.90557528862807
169.0316738633937
16.427005390640215
163.11319917123393
72.19494860963397
-54.26839534779326
-35.12605164459625
-13.265798306462791
107.70867869618336
83.70565576245369
-70.88126123276152
101.51807057233181
-177.52713175553518
168.59870072343804
-204.71469152558734
50.08024755185807
125.89169974629093
-94.12224473203122
-70.7608676354393
50.74828921607833
42.479870482033455
8.147159626916844
-14.464037227588705
8.764812161142292
-16.96262571820402
-71.81532482944235
-2.2038094419761496
-47.845043422995424
-56.792518482358105
-30.473772038788738
-44.33656665210263
97.6734916071881
63.75905922920663
114.3856296866224
-207.62793525352615
30.336670879043318
0.38034428712046875
