57.05779160099037
289.6079484506243
115.2751465795468
10.394354234938266
-42.946225457663665
-209.8592465844444
89.64744864125956
94.30596913606149
43.73394136341424
124.36351876808983
-32.10985733749553
49.77770132054941
-30.387817738848376
-13.310064325586268
268.5823060556211
-190.00090990005907
19.21734887513624
4.818175946729099
187.3123612992657
121.5523909880527
43.5635983059471
-15.188028612726782
-18.098771914063427
-8.202751666797564
54.940764254905076
35.46120236344379
153.51991263982356
-75.83902181522731
157.8410518059744
64.37989672714531
-1.9806407501832624
-90.23293638327206
72.48011663762225
-131.66375606713996
95.42577325851742
2.0498118534504677
-51.92545073980943
0.6518833554914618
-39.602975454282706
-90.82437334451919
51.490652011495314
52.02929941505174
-39.77799486341192
-105.34431444511956
60.740641744654404
-31.76324136324788
120.42557056466886
-82.99630693777165
213.76653188869645
-4.817498870557474
-193.30600009406066
50.91140267649479
111.07983799162665
202.94010709648506
199.59270008636696
67.83671663327195
-49.046990978617906
-42.034318912128285
45.16506508694101
131.61604038991575
30.627429496674168
46.876418973511704
5.5582328874940234
-39.78424014872269
-67.8490968893598
82.47590797679172
36.46216677457888
243.36197844662587
59.60238266872148
-31.805999814506364
-57.28144784846047
-77.77117464720851
-15.870257496748945
36.24588371745776
15.26239113444596
-63.296808195109165
63.975759403521494
76.69994091889197
-90.39850004782164
42.844008354488054
-147.6433851302637
106.58827361291009
68.82627000824468
14.08657768546554
98.90987521703462
104.58980960433642
30.45883613763647
-16.02414815894891
25.0426255105246
28.35965306420211
174.74058552594119
-26.172657302072196
54.381222101538285
-36.56371474946868
-10.752939648044574
96.33980599348075
93.7082940359296
-43.32195238114355
130.89731138204334
178.98287911377417
