-59.699031178795806
49.221655528615365
90.81383231605733
58.30461929160037
229.28372123290717
-13.569219983588056
-40.705920203089185
-15.36687765032023
-187.75803360447318
-70.30490546440203
5.1620936494411245
61.758531675967255
92.9110689026573
-17.156267364713667
16.218866512935186
109.60781115316023
70.73389424086383
-55.46299247375835
-199.65325316519124
52.11974474788535
140.70224461320296
92.06991730695306
-18.710446675008928
120.9744499891919
38.653389199262506
151.34386676777234
-99.8043989700614
17.44521096852753
-90.31600193369295
65.21434189765296
-146.36754970282345
65.05527870236196
-64.79687879517796
32.632677614423
-44.83971681153439
74.5600476501101
61.55468126327397
122.74056844186349
-26.97864842694856
115.45564492197923
88.34857815469488
-81.22697634671226
-97.96625488580361
77.28247113308299
124.84234802584467
-24.073868581129133
22.62234754147368
48.66780661139859
201.28950133266025
-78.48886717245537
129.07082687743136
16.971230862206426
-20.556578181357015
-115.9224590821188
34.719013743239245
108.67830230057373
-118.72623836968208
-61.2923271773399
-33.62230387327765
-20.50320922126436
-202.67288014035807
-38.69301414225031
-53.0948970837586
144.54376613999267
-202.874504613001
76.2146253824606
-108.24064381688308
-84.06783280972498
23.003878942284885
-77.28608531834425
72.34718945740892
11.672086780171263
-118.0511386348796
81.35049675689984
113.19353146872288
45.39731933990498
11.937082262972435
-34.469261373439025
-105.69535878224909
67.67062125712087
-195.4206788818071
-67.35741861916625
-95.17416406956681
56.80394116130095
-179.24915406768704
-33.42859161560432
95.9396229185732
-34.41118071075679
83.22434016636241
-143.31315553281323
-27.052956470099943
179.79636051364884
-19.397508151075264
90.67775017280226
-2.667459002307128
-74.19928201654841
92.83325984695065
90.83742372285437
78.03210982187879
32.914501107975106
