-56.346974237395926
79.49437480677605
-106.13079925223036
-92.62851339281225
-53.37375701555432
-40.83898670794904
-100.16619290128568
93.08663748345263
-137.12639601344642
-12.27809447467516
-96.43878906389273
27.60931678349013
385.1235822300634
-9.51283161305529
160.50296290596194
-39.5025314244457
43.91723771365023
-17.30912773665557
38.65014780412419
16.944236208218157
-40.447990917405164
-42.826772926048505
53.65297576924252
132.0748041203094
109.96761977161539
48.459785092845486
89.32556998257044
73.32055562778032
-73.76983748162523
-119.89340030500517
-161.44997612940244
-60.845592875798076
-176.84009207207177
14.029086498009754
112.13597553387163
-70.73634472091425
-80.69254437752599
121.48337229052558
41.14621732821898
62.49641015386709
80.64232855117973
-31.782691678309533
-195.66403782079328
-19.87165288373973
5.673148000819114
-147.99857170728603
180.11727267062952
-59.882968277710305
155.50335411793822
52.85416223739786
-13.218148848069497
-71.07517872905159
67.38509866715046
141.71066573113262
173.61510032528872
-65.01277629511061
18.19459189544066
-105.2179067895803
49.13482168453915
47.29522276372584
27.763025167536874
64.42116248323717
-14.899876467146825
-93.93447101701409
-119.80311560457633
94.49431298384901
-35.9462590428472
-1.312000614565303
67.08936547471527
10.850262643236153
32.30968733922143
106.43714718068456
-91.58280888034894
26.052363109692514
90.94340307871039
87.64724194014285
80.67194175461715
-232.65452465244942
1.5803327437877712
-81.68736187429336
36.98696038436185
-2.4859394132956645
5.808431574677826
86.55768481798404
-9.057531172884033
76.60702297214975
-75.60513217175874
-92.92591641797202
-69.62976494134354
-28.54110337806359
-263.79712641204287
143.89486494483404
-210.77217848049293
-56.90296922098392
68.09664780460133
76.25575437373261
76.87346764724684
164.09719808677798
-181.0588845507953
-0.9292852787725554
