-61.05329848032608
-33.05463956296998
-96.7516125618998
139.3962455425041
37.91979244096081
27.355792365867696
-243.6120903944937
77.79911151484703
-135.8102498430435
-30.49488443946059
-11.03884048696646
-7.566711968684277
4.3320104970714794
10.624764818802277
-75.09583870265713
-78.73204250011682
32.20583162330872
191.80879289174544
45.069001443069965
-74.44840659860475
69.92397745257594
-28.904234143022897
-58.98087299339491
42.55687035090107
81.62567432156861
-107.10085142870112
-3.656420354304819
163.43729790887073
-41.86833217800073
11.788199683508807
117.03200408148703
146.52637132093574
260.4543775145087
-25.464641741788185
-67.24089684086957
144.87509672631884
88.66419806220193
-76.67166883590082
-4.32611581314478
95.43552294244716
27.869626382432788
-34.737596398666675
-36.831098081650325
209.94775796849632
31.368122534161145
-51.43238911305051
-114.70424314486152
-78.17590131130937
54.17944774031234
-61.369271991398335
97.36835906500376
-25.445592659057027
-19.310010802964726
110.05270522114714
-24.431738113269127
171.50550005368382
175.32782005499635
-99.5854929233067
-177.9998672462468
38.7955166468458
-110.56241642198498
60.30302432467085
173.29549958924608
-69.94808645986222
29.43716913657248
147.05643192372705
6.145190807342384
1.3207458439430084
-57.3828232005843
173.31669622134058
58.609076665001574
219.14956910662764
11.460294921498011
-148.03125536488895
-37.12418906280311
16.139637197665323
-131.47980224220623
-114.5093484438482
-74.96147069988648
-47.428910156161606
12.980317957614854
-12.289912501510738
-127.60152706911649
33.69190823780367
-27.083927278474086
-39.78518967987936
1.1349082004777262
55.8399471347028
93.68451063625396
-119.12693456438024
-24.77236338967866
-60.38477027833021
138.91877293956344
78.24781462157846
-74.90586389240767
81.20648664442464
116.845796469042
3.9032103280199753
-79.03856911944101
225.13024271459483
