99.43280462820418
10.927125294624064
47.717500925408885
212.35636281127879
20.637541606987796
-46.9639327094731
2.3017423249193207
61.36188221981175
74.25456723950523
-41.92002284701333
77.88743326454612
-86.54993079699283
26.039533805171825
17.61048588980031
26.996149818689883
-68.30141221403495
86.46264455529113
32.55970810640359
123.73921959347888
-218.3798122147643
-106.76152165270474
191.44722106013586
113.44820195027147
-95.90252391713423
-59.11476929000105
-36.299199150443854
-126.5198563897689
258.54186606166286
133.83757240577734
12.507486170810193
-24.399159013576217
-59.12286591611915
-38.80831078341096
-12.264822838863925
148.37591458097634
-90.90629664285522
-98.07792476230634
-159.38342409038464
-28.7908960151971
-90.1615834882748
-130.62098160206648
-65.18138129481724
-6.338482714217591
-158.16546214791907
144.72386666836067
151.34179316548997
54.75985336332392
-173.16618946944914
105.29086382419118
50.0800099258904
111.45733696519133
123.98857222357542
-81.22671992320782
-54.30473773983482
251.49890543425445
39.96598615064106
108.43529154585357
89.51611456575122
-5.095893259077888
-44.492622417834454
11.173691228050734
33.26942413756251
-40.48382989503193
-19.531493220551354
-42.209940492197745
186.18871889585344
194.9077726646433
-98.19593858511605
80.91880903696632
52.23079893499578
91.21268431864715
176.40552452479167
49.607754560947434
171.52092257607393
-75.83558305664775
-13.128077799341725
-30.70182556640846
-146.3695621915714
20.03999084233372
-165.03762164037693
-71.00848723816854
259.9169639736741
114.10801721621345
-43.42244410446102
19.276737180893335
-7.461140922185724
-66.165856098706
22.04944515134941
-15.461248389407238
21.95650408392887
212.21221068501384
23.44959963092025
47.8440230897714
54.30013070610379
88.33104840379954
-3.7366777142499945
-131.66515134555058
-25.379474114565127
-58.69048550975823
74.79154061459474
