-58.55089606932093
-101.9105278214145
3.510482136538781
121.95533716564758
142.88350155701437
40.709596821274914
-92.08871341147183
69.03197315898514
28.483358703120427
124.91159409439197
-94.1725389456537
199.53181536985778
153.65568989919058
-85.48578145123075
-75.22157516712328
-213.84586338886962
72.95141918794641
10.980629693757757
25.557114645234535
-86.86988120005319
-52.78088259651776
76.70028181765885
-78.67911242496886
-135.00363639703235
-135.98477164491578
127.08663456200026
55.482772737477276
6.594226418329147
40.319261661025315
15.569668487908302
-112.12136567874583
-87.56795172475094
27.105029704573134
142.8020794382519
272.8286843227174
25.366180705103638
-58.851275299961884
-46.44848553091418
115.73296355793005
-100.53635679110259
-89.80653994785288
46.11662060514772
-27.453721016988943
39.18933617965744
116.47106750683663
41.946472231332365
-135.24525908255833
-131.5244659624379
37.72184926948906
33.302776345573065
192.6445942292679
-61.42032250719407
56.69247306153388
59.899540138198255
113.31243922018527
162.23302244948184
27.835402452680878
-75.09166777600245
41.522060192482684
7.115717385307526
-126.99447293232055
-54.98061044141002
-4.962555271650736
35.284754733269494
42.80389391840996
-21.331556089100697
-27.570345590412444
-35.56155241400497
119.31910988208114
42.157690867916486
69.18806047089377
-13.301146296052586
65.7019203620709
117.77200755253271
347.03722484808515
-82.31753062405917
-70.76596462293897
82.73616655156711
-47.533259829926074
-28.352911932281067
-70.80758299556663
170.52364904066587
8.598239439868031
24.584232202446323
-100.29835064310416
167.31913591364807
33.90300462610872
-25.869233697353877
-134.64725300495772
-13.35945673931641
-72.40154494186194
-90.52101407924899
-27.88748067902585
-292.1493985914242
-12.472875567664762
-147.91590029044193
-79.68567862516664
-170.4498100374391
-76.94031295668728
55.78547226875464
