105.5011906494793
35.46802810989499
-82.10319182226301
11.388748976962367
-42.45165630742037
275.9420273390327
82.13416868733293
-139.2400885606925
-137.61133377389874
-6.805045330592904
-37.106281872557325
107.7788788582854
-99.67580559892363
-94.09760018692052
101.91675442708484
-30.63342466494199
117.23983059488675
-74.50047748833212
-9.944151262745276
-165.28059315350535
-23.207196021927096
38.436252783046996
100.57178579524069
-145.33192062782507
6.979056558732801
-15.963443578090466
138.66147067624595
-163.9618568442685
6.40442467993915
169.71439659272176
159.4019502416875
95.77124981082628
-99.73436122489666
81.5639820931387
23.006354483711995
137.52174995256075
259.58656599535584
-32.94443522718009
38.69623701671439
-61.220689465906545
-40.52351656060819
-33.250800783906364
-68.13313624001525
-7.91663662182949
125.6746355628351
-90.00774133485987
-51.79033740600247
-24.32154007594123
-5.13440891321193
-26.313426251281875
60.36708891654567
16.028124859742373
114.42056311235565
90.69973254272361
92.02305435626592
74.07155522518035
-13.98716630334657
-114.32748937875515
60.713547515426185
-50.87372300310114
197.8564440101395
-58.62452430298666
-42.97751255956531
-178.50838169509345
-25.188957669245447
-13.33471453226775
0.8497650946885038
225.540464121234
75.75455791745017
95.29088003371622
-82.53294257903993
90.30576862811282
-143.450034869993
-107.58034557511685
-51.864524730631786
155.84533373489703
-84.79596032986606
-110.9242718603375
29.684335741349884
-56.01058927278565
34.8694890802652
-32.069775920038424
-60.97495405404372
41.93139586973479
-49.129019568615306
-4.462724484614181
193.3350151149452
-75.20098859716943
66.9391710541091
-0.6411385373581044
15.69393588922215
116.2018692500315
-19.60496236005865
-39.18687479705429
39.97385918069957
24.49773426686337
-36.05128052186116
-58.853435775721636
65.17470562278122
-163.15916561883532
