113.76732149220655
173.79801318499494
-34.838803915874955
82.93063369107921
-137.79047471493215
2.1954789711928946
108.28230323476033
109.49082555888793
70.30918480327001
-245.94631207042062
34.70276315617996
54.43993556177708
71.338247877882
14.611541881413416
123.83868153874201
-106.10375450300725
141.94004216250246
82.13356440627969
51.17335028214223
-197.104138665352
-129.13388089399433
-29.459306840975096
45.722183425388586
142.81110715825633
46.931409502308625
15.12951922199144
-8.881283598849546
65.12746400067195
-37.763722380176674
44.854713080883585
-76.79069502909093
-66.72860293645385
60.239645549412245
30.656201934787443
-104.58309176957113
-15.560070272674412
113.44102203216303
-6.554344252081986
130.74313204364995
59.85124103270077
-32.760059713886065
103.8107230885507
-65.58351329900141
45.696731742316906
282.0942165983996
-62.18318200562334
19.97101458629251
32.72246287572962
84.3802018800474
34.16535588610956
91.46724537888406
133.07770109115054
56.01051542223252
62.01879201751039
124.78788157636677
35.63915051635502
-59.70714408648547
-50.970101515536456
48.84642402012485
19.083341039792614
-60.30482892461255
-46.54344776186936
34.060294949602024
134.8600686894522
-151.80995114414017
88.16481684590032
40.34624025406784
-96.79259950250588
-40.30265842546383
-84.81020737348486
-20.89137963384834
147.44548149244233
83.44287771984538
-88.56384007833341
26.123268487353627
-148.38559508587153
-114.01735077485154
1.4207119857358848
-24.70103361834206
-89.06613638904426
6.4404612558760626
73.223724230205
-23.040016374900397
-174.70862668742583
278.4710771504576
96.16372750056476
27.12081590310032
40.904642128901465
-272.2678266922602
24.464604576876084
54.231779021117326
-35.41141839886808
77.67885129922745
-35.9723616492579
-50.01260627976029
67.49785392940473
-25.498421467443322
45.25087258949135
73.75293907120624
46.32877135101358
