22.381247097440514
-72.29007046728113
28.95709709850804
24.69487217744893
94.31184051159214
-60.24818983528809
41.79946243921012
24.38791101013916
165.69182047288095
138.066920881135
45.93588574962644
100.04050854171535
12.161806090965495
-124.12511877482942
64.49626303477004
9.85841759426431
76.86592116250839
-20.24811660381401
-180.22987680149853
39.42622574944764
170.09007323960967
-0.19547010930596542
138.53989907349253
84.04575880482408
-59.20598254715438
80.68356909666645
197.24003119497843
-144.3755243149919
214.17112157339815
66.64156191664414
81.79569190312098
31.509904035680037
-125.56835080229808
90.50193515598714
113.63119304684123
33.86201467487858
81.05580904126086
77.04465917218364
79.42157700815011
259.1342049673043
-80.46637017479203
300.1178781612276
-28.03636393088842
-104.63551131591045
83.53937563313907
67.82892469452015
28.43939882971684
48.804420237700576
84.74290188112849
67.14696667417803
66.91972901261384
-69.88800083844784
-16.127604858620863
101.22384495114738
30.951133794237204
-54.19120952058897
16.405587788244443
145.36140182656732
-97.58947149461116
-225.67202862905933
-53.13424383387714
-199.98544516294646
152.60461780367942
6.8972291199586415
-20.282630030542425
-193.2703441007079
71.45408109515733
107.4852079251569
115.4111858388743
-152.32075988699583
23.538719759251574
66.3574071148742
93.28873822647492
53.93337368426568
-10.242169005563497
87.62185150939438
131.11324979145485
-80.11829093939832
35.717497367152255
34.19567717172964
85.77457129194136
168.76102063276562
50.28796700140925
54.46282608752596
-77.96251413904655
143.3948481137162
-130.58973765734538
-108.50848704473557
-95.47937913356907
2.314921466210502
-33.22344234824012
-21.064345126817383
0.5655909347938177
130.7326362770607
5.076209634176812
8.885585909828386
46.537199062412974
53.696301987197856
-24.380355464261562
-87.86660505608018
