-148.3705873123214
15.464365461072521
126.3053134404847
-93.69491667277183
154.2341143664742
90.89625594771972
7.678935392554493
33.311838654811865
-12.68334853855906
8.523339229369768
-219.67509321534493
119.40983822143117
132.46088758533102
-197.807221428402
-82.80845702784698
-98.18661545770976
2.886074228029692
118.58396260034053
-71.61007413511813
12.478798956316936
-52.37532378201385
51.109098087918106
89.24498787294438
103.05272161381666
-181.56190339007418
96.19299648470806
-61.36364856551455
67.45184640431756
-193.4419624187393
-97.31613920906742
34.30439748402388
66.29188229668215
-20.62672952051051
91.7454078195764
-139.9718075174359
-129.32389587740371
-125.46188340434833
-53.36353993069142
130.02611336936423
-10.95677797521246
42.569395647344344
-21.95735968520339
29.653220604553184
304.32987100656106
-79.31975174585536
150.5783253609832
63.9837382051399
-58.48442107766965
-75.41327417133834
65.2315996734045
95.68514502868041
4.156987100481296
5.144740314551065
-3.9421281837813247
-132.8570216299865
-174.90511590033984
-93.2200041252213
25.01450893224043
-7.118541417579316
230.94196792511204
-257.42617071226397
-274.810081784098
4.308948449438169
43.04317318690722
124.84169767903249
-133.92175855648398
29.002296567640624
-28.64158084632156
37.719395360080924
18.390920493368565
-2.309218342700234
-212.29038388418334
90.74268608676341
-102.7895095799619
-92.25300953728267
-15.028960154720568
21.362498546495196
-6.498834602012078
-251.71183468897038
29.422740644063254
89.04806980805414
-170.939276603212
-96.75372042894008
52.63849356978157
2.344831655846998
-110.79929436147827
207.27224046703157
-48.52745816312749
114.97628701223118
-25.94401208565494
5.5797706174188
-79.222029358215
254.380588144189
119.76878023990473
239.87080588343085
197.00054139302128
-130.8196351323374
-14.537132527373785
-82.71849773977773
-56.95794337584846
