78.64456208544378
55.11557536540832
60.519588651536786
77.6595637050307
-109.36499944957957
-77.58669145093064
-132.4679115906315
80.72514323480577
-17.77499855925496
-22.141566728216567
-138.14622856777652
-157.47559943434632
104.4830531660636
-167.72240470747366
103.47257464970139
4.314649032289434
19.031158932410822
-143.99602027812446
-42.25207343948088
66.24099063484462
17.05778753132735
-53.4633566699195
22.526444722341164
78.12313795457354
-6.918059870168502
15.756233398567812
187.57494239604517
-26.76807774248926
103.2616692417475
-18.19209533838793
-122.98946687147347
128.08635311510074
26.726648011827887
-59.09735895856744
-65.19499533812571
76.4319805446078
67.77784769866267
-274.02429022559016
314.4557447174576
58.35975086756909
107.42858459543277
61.75474953581559
-150.50066488210933
24.167243527017305
-53.52868648510943
56.96406869911701
6.013736941206901
46.880084936974065
-26.64880114834874
95.88296653702707
-25.10196966431201
86.6725325655234
117.18836835334216
146.81713429904633
-8.741453812844647
5.81502586499672
28.023629535668622
-131.50687102590598
-47.38266572242762
-166.7738998390295
-92.77955978247644
-69.43644908222767
5.572314633392092
-108.24074143868617
-3.46973778669075
-10.249252088426019
65.22526839616114
60.94509864884842
12.029796361429757
-17.92543541314285
-6.73504723299466
-27.408471301574785
-34.42809745238851
-210.10116809842674
147.5608845300942
-27.860145958393026
-52.5667189590627
0.26954866475355743
-121.28074476351108
108.9416169216937
114.18597856810487
-81.59295288286236
65.28715157779591
72.82886793853703
-130.77056806835157
4.69105376827501
64.89902216943692
123.95989445302384
17.67495966703029
-7.957399696998316
-85.82213381472194
-12.6285568567729
-19.84922580557012
-27.44901589591403
-74.79581980811128
-27.55935687640406
24.393279816650526
-47.448362044519655
245.71228195804892
12.934667832695876
