26.85486073527397
106.9972727203528
170.57795559124622
80.1690683496416
38.43271601375701
36.2735612279009
-61.439027256836724
257.2655138826763
-148.8972773456784
79.7374389186125
-34.19936349391837
-53.769807339625636
-206.16869966748152
-25.4803981978543
191.4073615202889
159.83778367935432
-182.45776303568803
-214.3861594659172
-71.2854028092169
59.49344001384229
58.5026489300976
224.29315535334263
0.14399358973077803
-131.12293150277114
-101.95016015103683
80.77079432268691
82.06724502432336
149.2164012043526
153.5504454477029
22.93669625670944
76.79378003143242
40.31006069780496
48.7124603057603
-52.17272335682375
-3.3736104318309934
-40.274965989108566
148.9983497348037
-104.6629622661742
-100.31126758954424
22.662685045922704
91.76808686395766
-26.868831398012887
129.79180902787937
116.46958718210232
28.35832335497877
9.089291765063528
65.1273097326241
-24.215079595092966
-41.867244951188184
-96.7799861806731
-67.77651931940478
6.252664887450658
-255.812963732998
-90.90757784752391
-143.12444673508296
-51.7533216683808
-167.1904471733535
-104.7028771471402
-146.00259637431387
-11.120195244301602
-103.8088763328177
-208.55490815434598
84.85390641771198
-126.30604635530486
-65.99755875496234
182.46456052752998
154.43113687068077
158.2411250608163
33.46017765721616
269.74553695338346
-269.36365356520093
56.799713417699024
-180.23788983972062
-46.60364519687081
111.2691531950105
-121.8601121396344
-85.85435090521857
11.337838060047142
-76.85178267037608
114.12404327546692
-120.35559570369156
136.96198138311644
108.20043051376783
-61.7471226276902
-106.26467475290777
-94.09403325687121
188.64621139709524
53.52255858132087
-110.87436269787321
81.13161751935115
-80.83925422448984
82.36621599985862
81.40593628752735
-121.02336935280621
-57.64835576145441
204.19106748196103
-63.61139688837007
109.07857561548627
-43.104982644268176
78.70672000620446
