-36.283505617152684
43.41680638758688
-27.430363628500366
317.23470135136694
-70.61043473130447
38.20813022585742
14.573491201334281
-18.619029714068596
-106.99440238450617
-100.01524587232959
13.736850896881169
-81.33642086614621
33.83312614876735
-139.67062245951172
-145.4304272262471
-93.24952090669885
-29.982019149747735
-185.9693639583864
119.79386418381847
-84.61536716445985
-110.6218883187173
-69.63216302034924
21.628488560444616
126.16071890943786
15.54143512759423
-6.861295970457441
217.8845905414146
-61.613732690664804
135.27619971456085
169.78741320565567
163.7578977105927
-88.07322588704059
49.54515779395096
44.31264039770683
-21.670183700478265
54.8184192663463
-174.2760336267691
-106.55247874892476
-94.4535081368696
1.9180979968303333
65.08061064432002
79.57660549656582
-94.49766032850192
-25.49646666243202
-2.8550883778896807
223.38507118505535
197.18012450948876
34.207026279447305
161.91358824666224
106.96979681654051
-65.31964510698602
152.55112186701254
153.92066001785048
-90.7606380398354
3.6772095959204867
91.36657175174403
-60.09148949503674
-19.386016857075532
-90.40218805632404
177.0451421505339
-98.91658438850536
-87.89372901221304
-44.2004488482372
-1.6245126336853932
15.525835649182298
122.46989516921609
138.43006580331672
20.242691626989572
-61.4183391079485
111.13759439381091
43.784312943287155
149.71289068244224
211.5279375403162
81.1733695978202
-133.92626554379297
-124.46842000224487
-104.58976562039966
-64.39072258077898
-107.85956132897863
28.93858396643635
-23.49024155837526
123.36212431214881
-6.9401482758976805
148.0206990168468
203.33140119641152
50.49533942740781
-8.01646541559105
-30.22431611782283
60.62948213991536
113.49166640782192
41.040832129313145
-282.8165872920804
147.10888768074264
29.442812604692524
136.33063670431505
6.239830708242829
88.72441557509346
68.2556507075168
-102.7425945663395
93.93525646685676
