198.51783530905658
-8.076852657590972
164.19982179590846
210.45478957281992
-26.767718333853253
117.02114831912328
108.16061025268802
99.47241335162288
17.00891297671856
72.20548446519498
-45.41528795942513
104.47419334167297
-30.310286051031355
-76.31845007183728
-7.741947298574328
246.67171855800865
61.30426092201063
-56.002762431540404
193.0731019178754
10.50495214702912
-36.43865547213522
-64.98864517889041
124.92012474013981
56.789561087674905
167.62634808440362
-23.578770874774847
51.10871155606904
42.20886742291825
221.79434810898096
54.688400241976105
3.772425513434099
54.7401147205229
14.820868039235037
215.90774354382643
-124.41338457795482
115.95611401644882
-73.05262606990338
-46.92995159654557
133.06520010269918
-160.736687142155
-42.49401104260269
74.67067701791049
8.707112075580312
159.48725866162636
15.957196935549767
-114.44645824259923
-124.26216991116718
11.421355523861337
-1.0813398871761137
-6.097417601452694
10.471759908871283
-161.75583532056964
14.016680456991457
157.709216985001
267.2044699295233
-53.515752318508234
132.23878265318675
265.8388202320416
-12.81492616316022
26.163082313193858
-37.41034059304318
249.22284718183846
-84.22205600348732
49.2956081315507
-9.90789691861658
-102.82351208198686
47.51889137396904
11.809853569908043
60.82258584131621
-3.1251765799952818
-22.34748008778532
35.00229571420941
40.93106333458533
30.097911491235713
57.15583683580984
105.3063533902203
112.56356235738133
-7.894475811520728
-70.40139896634494
-137.83229158153878
4.926802596187941
115.09952064751671
10.266783026314684
97.65200830832633
-15.219959531859281
252.4808731588143
81.19543971069672
7.1812646577080965
117.76097404016964
-142.44775197084923
51.82608298608502
98.45281611862865
-128.69875478967282
128.13027930107944
111.66153120992246
-121.29526156582494
34.82864355504442
13.153396441497986
-64.73162008341589
51.06079709913583
