-2.4991536321371797
40.04918968030347
61.0282852664647
35.917728768541316
54.30658306811672
-55.449726657047975
75.58648937654806
83.76513004956146
-19.295940190613763
-14.130068497189612
188.22172866219094
11.460282279603382
168.65176209611306
46.987247999322406
4.823579284335638
-37.39328146389634
-16.375456953245696
-152.521978566206
45.8605513186385
240.52960973382622
-100.70512745685357
102.6412419039081
65.21935639919619
-83.46662010536006
-98.94434902925016
-213.2070078523599
-9.081215749166738
-236.22214396408592
-28.639755470141615
30.391916879808434
105.44414085381064
60.224633932331166
148.1570628748679
220.60403799007292
-77.55101369019104
25.066041433599906
-0.5536781881400774
-39.41718942302215
19.069234187491197
120.79075999373005
-44.425538388272486
-256.3918408507547
15.189947974277734
66.43857661496081
-77.57412545318371
-129.18314644205842
-31.440862447737317
-17.626378685585202
-170.45640407169077
162.96574440062417
147.86801282773214
-110.22415829992615
243.60247310842675
-39.52580583630245
190.29750989244303
-46.11318935735659
217.20363494936018
-146.2903251516174
68.4655909985001
22.150809824614868
-75.5210909345419
18.029002072326875
39.14878578348912
49.18145921689206
336.46236810367196
44.00146355456933
54.08869397316255
-47.97263355562761
44.45360218157082
16.878325874627972
132.46917742185084
117.06823097516573
-28.91227767625619
255.9854635034283
25.051182436449743
103.73092385985665
-118.5413836755346
71.10608961906229
-236.83449060886153
136.94940921879362
-176.62356446291236
-158.2481739102864
100.3518924324424
49.768376503091915
145.6809531953482
60.38974789242189
75.63170951232678
-44.25502090698116
47.29852689183546
31.438971805275052
106.36827534383328
-80.54392161389615
-29.3075195622531
-8.323411175662972
68.75898203938158
5.004286654523259
-140.05794096514268
19.99108632857255
-34.3382239454466
-37.357814022567425
