6.205631792098215
7.892082906997116
68.83714984088732
77.86078213468583
-106.51085539166408
94.03228916665873
52.254658514838326
90.57666644244115
23.09201195731385
22.908005774302424
163.9866590616672
113.6187488507972
16.735625847984835
138.42534404832637
36.641873609009366
4.050789667446657
100.64589385662634
-23.543324883112348
-21.006442994531568
-19.913557500608157
-26.11608966952202
-13.382783851747796
199.98095467607817
50.20576653944317
-12.914247311049209
18.96825331454845
78.18053618143001
107.5440557021962
154.6640597390667
134.38879445853757
50.91045212457984
13.097955666570046
21.245930962521832
-166.66058702029585
-124.33437065322846
79.41051537665284
-159.30520035864757
75.68681653069514
-22.063897244733127
-51.866996869878086
174.04194902236375
-33.50091667621875
94.36905391713012
-97.9294880295119
-98.54228308496073
35.57374303736432
144.68046107637483
-109.45522775092381
17.30703203905649
-93.98976192574705
75.17516701821113
-124.92220457310697
61.315233696036046
11.761835216007391
10.060386621135331
-17.330871060989043
-10.434749324785898
-81.06656191104612
-102.23919824079044
-182.285371990139
56.859332457794764
118.42748270265925
118.23342919477233
-63.29953781155328
4.413072495677997
-253.58440439610263
8.074524075543273
-69.42384756230041
-44.94415127667307
-13.488935302400272
15.242677145410951
67.3219680409763
65.47242016099497
-7.574592335452323
-62.69388925155236
120.80641708430983
-79.23513055859713
19.035327889202918
101.93247397207661
-48.16322600505591
56.0780541862285
39.74856523827627
-187.22025107109576
-63.95737997103211
43.719456359025116
109.74006876441914
5.066877972206953
98.33809846078464
115.72755097084232
-75.15117239213367
-156.8536135315616
-109.52542063748359
71.45142392076832
-5.961961480321527
-22.531655574567417
95.26219362381472
47.92561741838003
-1.5118471089534573
27.68335522708055
81.89464179601723
