64.11725007509816
134.4637062178881
-54.44368396759465
-78.15435298883932
71.42213712621955
27.475851068639457
-70.49258037787904
-64.36656336913052
91.94446370666628
74.9502880107291
-33.31215804024184
22.199307603322296
-52.25672092204177
-220.6259064046344
4.551039249919562
177.97434107772574
-106.38709436248413
37.36972837414839
-3.1192993915962948
236.86482915640894
-31.91383659584627
-50.556483210554404
-6.484048976381889
45.28942650061856
56.05594532149328
18.557418854240662
186.75565033962468
-67.76515878501445
116.23249103648887
47.12098316585307
46.59718633726327
99.81731293405565
119.91108646570311
-99.67099402483322
29.645405600549555
53.21533244605309
147.04817311230985
-44.36868032333033
38.868876062265734
-26.155734512085793
-17.487029338533258
159.28987665046276
-44.84727080491207
-69.13609089437419
59.05000192352345
61.2617749243862
-51.99325703256001
47.39283003141314
-29.031330977446586
-24.63421060939769
-10.536467969613597
113.37108614317063
-45.39393671456014
-27.494416592636718
129.05870279494562
4.7980209848523
161.85452879130304
-265.7575655070584
-33.108568623128754
-19.909238970222397
-64.9486187802752
185.30972704797136
37.302284614375495
-9.348103756047902
178.818518321291
-59.03071045034747
-25.06037217295397
-20.682839522992207
-94.93055645099223
41.418484355076416
212.94751875024056
-162.32714564658482
204.88576247699908
150.58929119794124
170.91189374340195
-140.86851877148163
-31.580284008548297
-16.0409309969447
40.861054563137486
63.49828892856587
140.05440134663903
100.00861952835785
16.064765125713876
19.69991849324089
119.05070138587037
-53.61857195048225
-173.27419418795571
18.225467626114565
107.72462195059367
135.2372249252126
103.968284431787
70.49708364705234
-10.183477977002543
-113.50384887592307
-37.069391406146835
89.79087548371432
51.765819643760594
15.805276574101544
31.010789731475636
-74.39926605383916
