107.41209697475232
82.4107682852248
94.54215144736038
-50.80783093278066
69.68041088190067
13.1318655543074
40.314436306804275
-3.4460956953386024
-63.636574521605354
-77.90978659522672
-25.724486740614225
-8.965661577201502
-70.97628106819782
181.22647299665718
26.39533327761042
-97.56804871273727
35.30209501919373
-54.63615860004023
-177.16355784217725
-29.105183476073996
82.45353933179152
-80.28011346827041
148.7929746569103
-50.181643852281994
-49.31634451446932
-64.63261537527333
-35.153277626922886
31.264705270444903
-99.24017080867226
108.93054784140568
-183.73706047355864
-108.15267921153621
-78.27702084514696
50.813834633983745
108.66594003193373
77.48690663381872
61.06959479516161
-51.17465500217498
67.8048956971937
189.79971733553168
137.46303645424024
-115.72639010877565
-102.49981377709591
23.433121083355754
148.97485102460016
69.00629441512623
159.3580705265336
-80.01441487055854
-9.520097571728417
166.6631735409102
28.61984254492115
-53.40526321645973
-13.531403298426603
-46.865259515033216
-190.18208468382772
10.264024559620877
23.20368663012504
9.22040534179866
-163.7924668295231
72.87518065917993
138.9979391900646
-151.73272548971116
71.15846586372402
119.11264377779281
-157.89906722660504
-19.660301920602066
136.03718848329464
36.42747773829272
-216.49299187138308
-107.30195640974826
-56.97092619501518
-46.41422830083788
-56.06560635184468
-7.935343981102296
2.0162964543995194
-98.90202793570249
-41.11041308854247
138.33539463510812
-93.20761499437332
66.28722336789924
114.05457490903704
-193.80984737072484
269.6902041284711
-44.83087750044182
20.081995567113324
33.28071639660092
-59.089694866618615
231.5877927149722
85.4408559294548
-3.6232136373683623
103.16432867080582
20.87662282086267
-18.808050557492038
-8.372130680010695
105.23614376512921
110.72613097341107
-54.50873481403761
150.22210728944918
10.706726572759706
20.01819879548887
