171.72426271395142
-185.61099526436206
116.8609397801334
-53.432022124173415
167.48016410870198
70.43186089756387
-137.88275882951856
169.20877977622655
-17.113051731207992
16.781158804902738
19.28043033891445
-7.607575110513491
190.36625950831856
-17.057528712184077
41.31129896894019
-19.115460876317833
119.7001750675149
-109.01390897231178
31.602166480505062
38.509262776619565
47.121287868237005
-42.80100806732007
25.158389558352496
-203.23987757104481
83.41525345353011
-71.75579256750876
-111.81633676295085
195.81579719447305
146.45030208788125
-66.24256101435579
-20.292356092987028
-199.8948983701602
-33.150034810388945
122.63639993118953
11.364997860517141
52.503891551273675
-23.746438018965605
70.30346415347206
86.49512575138215
-35.04938332168435
123.06109905647675
-119.05510917859297
61.510371049173045
-137.18993662184815
-15.790940583402122
-42.892715314976634
-8.602807415694325
-26.538726319951543
61.309822987327124
45.599270656918186
-71.95080258124233
-144.58223979189566
111.46670342330226
-67.60930136745576
-94.3663428502964
121.22692189107934
25.1596561591229
103.10906964331402
49.67992865571104
91.80749395460816
-56.69615706549399
2.1333287635625924
86.57566177983591
132.3847547458867
-32.94095618012913
9.327083597025762
-0.9308938031359197
66.67504537328254
82.39511346599103
119.68747657113305
-137.4432538588294
43.16042776605706
-30.64326210279914
78.86481669545867
155.42636394911233
47.65915694560293
218.68240285324404
97.16755523687762
141.4600914507065
-92.91832458624015
146.2561696760391
6.846126482457864
124.26977376986545
51.89442690728545
-213.2517724492746
-143.5855045984665
-180.25816309147743
74.19620237102302
18.973536175586396
131.21879485300857
3.9734379812284955
48.535759941588665
11.156721762080693
10.46521602908684
53.419725728592944
20.442171363970882
29.02167742735742
151.33824488280683
82.35035689048627
186.72653542889017
