160.40423913735987
-89.28219928467587
148.39056930177455
-32.710152149571066
13.400398051983128
120.35998807274667
-80.9876182161619
-39.91898695835456
8.00124085696778
-15.293172352972721
-45.77910757230728
63.182008591876276
-56.57467892129999
-79.38226950831478
-39.25225567100501
75.23819384777934
-0.8270573730532238
-29.350211964898982
-145.2641922606835
12.867358155859106
-70.37040782594458
79.26713093386303
20.525164811346194
-96.12168171462706
16.102531072307258
-55.93405875880826
-46.044151449366055
132.44664738172992
-53.29395685432251
-140.65701068338117
129.87900786567855
-79.04822436126888
-30.229645114085827
-272.4913871966164
-77.4769538891601
36.394857008999935
136.5556643875044
32.235478307855516
-117.89186987308571
-47.43392063954489
9.027702795212967
-21.46957288137116
157.27093660578763
-63.43902280043352
-101.02737808195077
135.68724152080853
82.36274004341678
15.395892002977202
15.99177554035045
11.593145526610881
39.03559300179818
24.76231369692013
79.78799352265278
33.492942400107566
-72.09361137101065
-47.66963047421844
-124.29099166784192
-3.7154169792285394
-15.54484147320601
-22.019725240558934
161.7853994633681
112.98960281520782
-43.86589261100537
-166.9686583866762
-10.664706557506541
-82.41025870151327
74.71516523548021
-21.111978024902182
83.81026911954129
59.21502058458753
10.089726997233912
35.6919431590415
-93.03095250715282
120.5521787433126
67.51491777730288
147.2875720711157
-4.517241601607326
-40.53926991843532
127.82470534048078
1.3122752200275407
-72.55592002799803
61.22407160187554
-0.11579788740959174
113.62622910273183
-108.83215430800587
-6.009090420593104
-100.77569865549637
-45.09510873571273
-121.91499897680325
-74.78642955809896
-59.358448135812736
53.157818052677946
126.20528823336187
-84.83362083942838
-6.495808304820763
61.32649609635569
-168.99513143098693
-137.73146556921978
-22.655337950341092
-69.85431425765354
