132.72902555075376
-152.70395890667763
-76.4262645771518
-52.67581190355477
157.75223602406683
145.40073172940754
-73.69729633092145
129.46989193218494
171.10168722843412
323.8735761141658
-96.77519926839172
129.29978965092783
-19.654506647744334
-45.0948854134802
74.01543005137474
219.4964871372211
68.67917067903986
-12.263806330065702
-14.782354011516038
14.634410527225786
-157.97254142049565
-7.1716479216827125
13.204906444641182
-13.79449116413134
64.86620187526097
-45.99256748742537
-12.751252014736096
-31.238595938841073
-67.12224905093709
-63.49037525016661
-61.334668174521795
25.717146570620216
47.810664003345664
80.16160612332172
-87.39947042600922
-29.11049332898751
-113.27623697183303
81.44271080879298
91.90538298758997
59.246290090880464
-113.02015005150805
-59.27671348191656
-152.40097809278222
-84.83708560118771
97.96020315937278
-13.620489093444327
29.01252659319367
-30.15665659908985
4.825353656372123
117.26698221783705
-68.34702803339279
-119.69145909837329
13.854457096475613
74.8189919906975
212.2173429897838
58.687899612177155
-55.32573548122126
60.444526434327905
-29.028622016204764
68.386533850966
186.72609847854588
-41.98680529845166
-77.10907857197212
58.27107594025503
-197.44621936829083
133.22296128626311
88.46155545592194
-29.670216180883216
-18.101902234571575
15.853411973481201
-81.9996204128152
-9.01567519246613
-111.52413634612435
-106.81361642760257
-35.12401615797433
-20.046699130175952
-8.016099436800303
254.71832463180147
159.36430581569172
-142.219928039194
138.46803473300844
27.082520315556938
5.418205729469836
-26.719169984483905
-52.51331973363757
66.75986044167746
-64.21194240146556
-7.9339247549690946
-46.37165917108052
0.18044733497111665
-67.80972218600415
89.8488565526585
-39.60655245831797
92.26292306791368
-55.021834061733884
30.67187251743168
23.80923285597735
-134.27053894533546
-162.35715377418782
-119.35448173882423
