125.6639996733389
-7.2548784633562775
126.1573614048496
-20.10334459529841
78.79315829518131
35.55922105527429
83.91531936287484
-66.54265555716904
-84.68199937131641
39.1621017771323
-86.28491159830234
-90.95173164650657
24.87718387836616
178.66428821682072
66.96910943884522
-15.048848065055612
-58.47483417997444
52.4451920027827
216.60924914486944
-10.338183181838819
-8.883756211065254
27.242610189011437
10.065803794818777
-167.433688691985
-122.16557147228349
51.37507683555835
-172.1728014475972
-269.11611956465083
138.80992933130167
128.42796550497687
-54.92116288981312
126.66613030942044
143.9757795538941
-106.34486268743123
-113.70343115410034
-121.42289765772708
103.66641112714524
-133.02953028005376
-119.93501433623433
7.527794786095923
-34.280304061036205
-146.75074199275159
11.12531604230486
113.81411104186056
100.54589394412919
-99.56862149948927
91.17287160184947
-54.81188209611412
35.91310411474395
-225.773800285854
-162.98603369459974
-127.04050992491682
246.52870002873615
-13.574182156293723
-35.011688240418664
75.83962873113092
-1.110262090184948
70.57249181374422
-55.91565147253678
53.112710425658435
12.531288364110221
147.26236372056962
101.08457192928418
95.07387404797471
96.50921454404478
139.65016053146115
-0.2357946026953357
107.41206516937707
169.5772439767076
-65.7545579712243
-236.19613758988515
37.986671577560536
105.02796050756315
53.981839370466716
42.308773812921594
-21.37792995714019
69.10530880654872
-71.73679817328397
7.6191009985235985
223.66061541886427
27.877628638500266
-130.306834365104
-163.77645599921203
-60.322728397584726
-15.405828284431497
-13.415691671117887
-0.39640681115137255
-10.117697480415593
68.22866341364681
-25.428453824981972
186.1536025370344
94.58197832021499
-33.84028873630539
-32.269184333981954
41.96231750077915
-98.0521984505724
69.65416787194115
91.07434557203023
-137.72695134040657
80.9057489813507
