68.90647920711828
30.599506693225045
18.513505594790566
-47.910115706051535
154.18281114643597
219.38492001001455
-47.89565822804589
333.7233696969687
-11.807598232886228
-35.332265833057306
141.40388536061414
75.14886157172135
133.1324592396038
-7.658165651004925
26.823209285068522
139.24682802456613
-31.850810647921946
-6.328648754626261
-239.79845502370353
-17.498150401079286
-92.56955807465953
-48.719788234304595
28.877353594486983
-102.69145688732962
-36.48604798145709
51.479650388509995
28.507290155427476
26.633108126351587
-8.880709833224088
-59.475618470052
-32.810130865174635
89.93863786904022
198.36143407576634
79.10997306465654
56.46760375995893
101.98159601753017
68.52897801824709
-97.37872198723232
164.1767080902338
-42.59639181333773
21.430650202004394
75.51872503510711
-117.35049172945052
16.724493317702784
189.07566406562228
146.7881061021586
21.70416551130939
-38.17838976753138
-58.5581366642714
-0.14171111318267293
-58.613856485879
229.81527748793326
-76.30032677703639
177.97976367840073
-25.404649651676436
74.96612579416167
45.40809625605571
-118.74007069592687
-3.1053268863084273
-8.081400671838416
155.30898379764793
-141.59155452101243
-84.49653808823687
-42.43517728926802
71.44445283919679
65.34199128570188
40.61990651929357
309.54904590127734
27.0543562265363
53.29095520857343
155.29249328307142
-16.35799378056514
100.37531923781196
39.61553562759701
-89.90122060025104
19.678041988503473
-14.836131466488606
-77.4352479340821
-19.52529426679212
-4.755875155646029
130.0618620793691
-3.1582052341507048
102.96336532820202
118.29427484553689
-3.76366018149519
8.236651947938581
-41.5889343406546
-21.743990958403266
117.63956742674321
-103.12269354974451
-28.769965199857495
123.80618585554873
143.69103807950933
-98.30739504933263
64.41374290662654
-97.2958728190525
216.0236817827917
-57.68737408649564
65.10840831699424
-138.38658236686965
