167.08894809272002
134.54983903051715
-28.372170991701665
47.75743447942316
46.21390394644563
19.591304863771487
-113.87534114160184
132.0766930372847
-120.28488862254088
-28.298526329310157
-81.8994937327181
-58.06039385791155
158.47401802613797
68.17534992619352
74.2742989021941
24.1044110736261
-93.80857383393848
97.8726760952376
-75.69963441627479
13.333973073005723
-40.961102723931475
158.08205323255905
-130.92343306553676
24.357412158682106
106.43894040341831
75.28215438461964
-45.39421146544231
-50.61126558175087
16.444036332579017
31.5704695456641
-14.82647424801192
203.95112009895453
-16.85383230553641
-106.06626513409076
32.04765509294565
26.55244750187923
62.1715891251347
-92.28128704707152
141.59560227753556
-49.82475565581555
56.350693240587255
-68.52076189038988
82.27805258482547
156.17157197075525
33.29079406030545
83.72327523553741
-32.87718027666242
89.23411054336299
99.11877074282826
157.40279845428273
77.56327247952126
113.2704432460537
-35.22204779927846
-9.57729262605859
94.34577923791184
-119.25804113759841
109.41125403247119
73.74739782379223
136.41328954582082
-145.59968049975532
-4.609051658482864
-57.850515727582916
-57.204654490707355
-68.25968162367091
130.9745590726343
-155.42708732374007
-74.72383365056575
149.84153625154013
93.84495069699524
-26.8101014143557
43.40864947418919
65.72183456289677
74.01961931365635
84.29642921299885
260.6192097428119
-77.49922190521322
-55.77557648839489
3.2169329734930345
-69.55834261529002
96.18065162830845
82.01226556069228
86.225310958751
-147.41304869465475
-17.05016648908441
-117.34379755988235
55.837533203376154
-61.37330351944446
107.21295723492509
59.08342640958437
-112.40267712328297
-51.28109940372326
-32.53997002910575
53.69960761635773
6.5397617872995415
-198.77809413587164
30.88411005850061
46.79093039766649
27.77681439132199
83.46420666660491
-9.86010473663806
