-53.91124752922372
16.034434160169752
20.50177588026414
-75.80818129580524
69.34730049491642
87.88910394822793
238.96425233525073
60.61545256274357
-7.446543258191024
-51.64236085328031
6.2040724381936325
-72.56353674306052
-3.429184066466501
20.560751454897655
-70.02498950924056
-48.53491020002098
38.4033107352053
-68.15108643527348
59.51304576092496
-88.55038670718862
59.95730822341839
100.03500371524042
-56.231110870713394
27.354455430733427
101.19181723154087
115.02486345494762
84.21000071249793
39.866886496153825
83.13534537507051
38.310617949796104
-49.09454509679121
46.121685620574574
-112.38557158810572
25.95216244958032
-47.73983278911482
90.78421528165073
54.422072942619636
-61.03148553658815
170.7808945652296
-122.76162519089468
164.21982403898105
128.46233656832476
-171.912417362897
-90.27697844771698
-232.6976218049361
103.15483551192295
-38.95737139545368
-215.4253286471821
-12.531153176267097
128.10478042595696
51.262302398426634
-38.28440355510854
75.781188653533
-10.177102850198104
-191.07416527441444
-67.9924727932073
-168.98779820826869
81.68260796533951
59.93575505376471
-187.42087296521547
-27.438952335690715
87.5468216631088
115.01525506785299
69.40321042035258
26.82225597054046
73.43994661377344
70.50799815089755
-232.5735237263694
-26.989988938939256
-21.017647426606015
1.7452420378889038
18.863769082561546
-120.63567743118256
-216.05367235735656
-136.7572739130828
-73.71163628879884
6.977235652446588
-1.8293169856148133
-27.28590928165542
-19.268298999066637
-35.92507360957923
-42.45485822943051
58.052986324406746
79.35046561376356
93.89449844597374
-3.438981966846711
61.25461244443581
45.003670877993386
87.37750455870938
25.810965502367985
-33.46064885757303
-164.03309757988237
33.32895078594552
-12.824299619124037
-40.86750668306704
179.4191139130029
5.147124635090712
21.52840205098151
-21.329100639279062
69.41193191622386
