50.29362366136166
96.65323018237679
-6.326666940331158
5.340453228653329
31.686674528552498
-86.23209991335399
-28.92983292403543
-20.481230561874025
142.3749738764834
8.894101978707193
-3.48314526260452
-54.69142398614808
-172.64865593924793
-112.63374981090752
-63.79360629848736
-68.46206731872326
67.97693966381055
119.42747766103997
-110.46760878730029
-29.467871764971946
49.75001958759727
-37.72697240843142
-33.70729607623909
-123.24939468142679
32.90641188361094
-44.88630804881173
-198.60140458139176
-121.8255698520222
-105.79775556262084
-51.607057733114054
9.082989191632855
-103.72760921357201
-4.862130077329491
46.499876135486545
89.06924337539446
-16.7133123580513
101.64284270816468
-134.32803862104726
-25.300871615086912
-145.12098046592456
-65.44963966229177
69.27514132792076
-42.91458064974898
-182.1702420478034
-4.298643303192332
-109.79219149648306
111.82332189788868
-175.7999773554111
-106.78182402177224
6.707494478833418
80.30281444536016
135.64628172749002
38.136334064202835
102.936700279447
-84.90835095084466
39.569571498643874
31.384461733379062
-237.39422087497712
87.42023689968137
78.9554238144858
-20.50918548984963
176.71087386211232
46.97723768659023
-147.3326347271248
-78.97730913936022
-193.70664979440423
45.62679635664456
-27.988463364582337
98.44064775176447
-100.57570688688259
38.23492540995228
-141.11577007920982
-11.669959678275003
3.294696377850565
-21.59052176256066
-37.5959471579485
86.36422760747413
-162.4338679724102
-44.163962897413484
29.42914519731332
3.070952628224611
177.09215205693116
-26.70241357010653
-130.13637454353415
13.8270463271589
-46.613667812690394
-170.39512343506914
-89.05735614922968
54.95108415392939
-80.19197367661516
11.842883463514971
99.55297381542573
-59.02299262554614
23.607470836327806
13.016937522781848
6.059826866828549
-90.9995978105026
-121.2917453503942
169.59023333973298
55.34395667677787
