-50.2009866864706
87.96951153524317
-92.63800840561699
104.74031560139436
-109.01333750125438
-225.47274018412793
-98.3100253630616
-47.85960489135742
1.66074452191965
51.240577799078096
42.43458776265177
-68.95576050757954
25.128525005836217
-57.026381641913986
32.012452874271474
117.5068156364664
179.36045544533633
64.99044045597432
53.335811150602595
-177.55821512203457
169.73392311711007
-26.614847439608468
-21.743195522245703
97.73950397659341
-64.8078165227176
-30.511953478756823
88.55769108672412
81.56710586687409
-69.93388901179063
37.67247048787479
11.666809227630635
-76.17224279420266
67.5018933948563
27.473536809174632
-86.40094165877434
-76.90008844060907
145.98597561264577
28.60169382573047
69.86024480212112
59.82313920766243
62.51944726334281
-20.928152457455553
-69.45927203243035
-133.96394200400053
30.84452480715832
-115.60504735864515
34.329288275159115
63.02786470567498
3.701506025841722
150.49304739574742
-3.5259146036971636
3.0631595214758285
75.84113815357475
-52.367672813078876
-34.541402815401256
-44.143553441574724
202.54221390683094
34.603288451461424
-101.74681948320111
-41.66145693083396
65.0546663760983
-117.93905122591482
74.84682179970017
-35.59022936114211
-85.09580220842723
-90.35384542459906
44.26473393907814
21.611341944431253
54.78506366948082
-135.84024468422584
4.7101249681278174
-43.57912343961755
13.81410850023187
-36.13140290062094
36.003542816453106
73.29076993658893
6.025164880232442
14.282247445709713
-97.50369483918844
-12.455739866655477
-161.52715879124474
-80.37522424796059
-91.04569416378813
-20.371819534064393
-149.8526833039999
-83.85979643435958
71.21076243392167
223.7838034438922
73.13460718126366
-133.57463530204632
16.644865151564694
193.60438251315006
-94.21254215389615
-109.50968427555108
-9.053574797377479
0.28453834833532987
134.36429617090798
-24.808868846955463
45.56072631261404
-46.19466990981551
