111.10368604989633
-118.61349718944544
-5.002473764589762
77.42885950343974
138.2241374998135
22.061900159189413
-118.72431019102854
-25.050677360135246
46.0711315276289
95.11112956041586
-4.004425146343035
34.15860607154163
14.697056872012467
53.01051914225123
-131.56744456520278
41.30871685241999
-121.0582235146473
-62.280914569567685
231.95509486820532
10.486293096431137
110.76751264479869
-113.92533210883667
150.85755564195583
-6.14535862242311
40.483877334648916
27.13148343958894
26.830437826861104
-65.58112675228357
83.96872510960132
44.1157117446608
-117.08900267748126
104.28776883502657
-111.05863056644021
155.13979456711255
10.53191867952682
36.03784918830971
-148.46745935261907
-150.44743279184806
42.179774652314805
39.631814978107585
-105.47807685751373
-18.621656467575534
43.37631388686816
2.6882923725043577
-279.5019348191656
-160.6336923321092
-18.755644857081325
-208.87624826681815
105.94872328641439
3.0939992947863715
224.11715009337055
82.57881144399097
86.18656619801133
-79.29084034579175
97.8063307277807
143.04448200982247
289.1592230709921
89.12597894360687
145.67242314799114
17.713849167384513
10.166083595956154
4.0624360211526405
166.45312829926837
-30.920827006120284
41.60654867206155
-8.815396898941213
57.922200496118094
214.17710950530025
-96.31361058648933
136.44375649008106
97.10548064603783
-16.130848488109205
187.74579411036294
107.24375737299702
2.4884289067101406
87.01758370714951
-97.22632566973587
53.558163009141154
74.16257501575055
-46.28005139816834
-200.48512342893585
-119.30213407720589
97.8673581967671
-125.7773020108271
225.3140146552132
17.13829787045325
-66.32700055907391
182.72318008338752
7.364932915188209
-191.81145381604338
7.277584694953967
81.49052080691607
112.526536541206
-109.81988971210704
43.41220952907289
118.72832551329077
50.99131789344889
-41.6231745242501
19.797690514345604
102.404902238312
