116.73888514636008
-17.90893234977507
35.88690858765224
9.885722439919405
-32.477614234978184
150.20876800577557
12.795607368627735
11.095504984887292
-61.72644661344634
-147.0100067017152
85.05966490862865
-65.42824342920224
31.466914989099575
-26.377557538521792
-40.309353479890206
-32.197903959135026
108.0502897911897
-22.61792603684421
-76.93990426599434
60.6044565894213
-105.93577944195152
-60.37882204589381
18.657984845731058
-149.742853998487
135.054430496879
226.00414589789673
224.26173101357918
-56.89120896706885
-7.848188138656486
8.232006952160562
34.974534801871854
124.07027700451664
-74.96108067744055
37.18253841837709
-3.161608725579587
-2.4747821710518245
-91.80401082417261
105.14302872837833
89.43156834776264
46.409813391918064
31.05533812456779
3.4683388519506453
31.838537899543027
-56.64127461165273
23.026406800010896
93.27586687997322
225.87556539934022
135.58824074904248
-23.143841247361088
-66.43811566522905
42.98009754557874
-115.21846927385367
57.60487361412702
-45.198328146381826
-126.77247152814004
93.41485604444647
-30.351496034945065
65.73456157128561
-151.27978764881928
18.475562603782663
220.51201893518942
-148.48268952891067
-1.7038441879056467
111.48111219215843
-155.1137250368682
-154.1497246337038
-123.6586437355138
18.785104118572214
111.32466482696533
-27.323062243857542
-151.00153902949035
94.82111390807172
-124.61453183370716
132.42085398575648
117.1010812021173
-5.323479523053965
-42.68457314701611
-149.8279057287361
-110.65795060636925
22.578646978019833
61.19425392340242
-26.322978659457533
-72.50486068461649
23.294391603677983
55.11653899081893
68.70496543961707
155.6252628652111
45.25779172851534
11.868924915632281
-294.4986766380587
44.180178579690654
116.55041499389803
-22.31387707582075
-8.87000071269004
-146.17639310588393
9.540237928003215
144.16079490586367
140.0261106883768
199.9701157206428
103.51067171235373
