-46.133871329801366
79.31582125051744
-144.19597977363372
-191.73414716763452
-177.11477912142905
-7.204861104113942
163.96031247222703
-103.05251970086718
-23.51319395415831
65.42637327493992
-6.518615234380981
-39.57938378988661
67.52088550883205
204.53176586086974
133.63460593818067
5.6834947642173494
-33.93478863342161
-170.95567343584676
41.00529433080928
67.82755971032495
127.56081174468294
-128.12703619729456
42.57626745325357
-65.64183441105804
47.9164766415787
16.49315014013242
-176.00478478274945
102.68380047648161
184.42922290283747
-138.13665513558715
-77.09531857877812
76.43752337890359
-103.73962048095237
59.20312956894491
-121.96546678121064
144.47937690622192
-21.14465609305943
-17.088670097909358
123.9650314256204
19.20531345604168
-116.70923740980035
-109.38821453181328
81.62303624891692
33.203269502231365
40.00393975205502
-15.415382414782666
43.60336689321719
-40.94431373410855
-116.3500250712503
-156.51629768192382
39.30152974553363
115.57884147589147
91.69113055624247
-11.873350279964754
-262.23592124460015
-84.75406660444688
91.53379341285176
77.99544314244139
-20.01909508182538
58.32056060368124
114.6510539044214
81.28056366742716
118.4086949766909
14.388149526879038
-197.11618714649939
-35.88022013462511
65.80967698480445
107.84568503187629
68.53742343294574
-57.09448568212211
-133.33369587333146
156.93280976057974
-33.11747861623956
115.2753839270357
-101.23664729479647
82.4975955735816
-26.50112031215221
161.49375887677496
227.3460440584465
-147.22709369054354
48.349894208252906
-39.400248853016
109.04758233923151
-25.841459495950026
60.47592518389384
-38.47355688024781
-79.1265623360475
-32.985845857281156
-57.5377166920873
141.25516886531966
46.77802971633959
-27.594795037039646
65.30098216658759
22.37711890372286
81.7003511425929
126.55188446066072
-68.67615608684363
180.07930338326923
-65.1654062571854
43.999430685756806
