-120.72449487724822
152.73024549240637
105.25257034820699
47.80546778394919
145.03956097819082
89.09651071144994
-6.356356250200545
-76.36242851302438
120.19352944447395
-59.6885926625683
-11.92870541042776
27.22986216615539
-39.66913768936766
-37.706927748082634
-59.902061255892434
-19.18032982147587
-98.12082263671753
-129.9889655505601
37.88116339542523
0.6390785652572379
31.413086822670987
152.72771447876116
-12.967858978464754
66.81236053045151
-70.76439560544583
-27.918772768757577
-30.54763065122104
48.4635029825575
89.17550528697909
-24.460265972083704
-170.8317300941112
110.51768455861585
148.32215163115157
-19.490131608215957
-20.368935446736117
-2.537989767103438
-105.59694586802094
-2.3760337352369714
174.41129941298357
-26.973119804015447
113.56793291891186
-36.609930531787576
-63.705006101288575
77.11748522679179
136.12173477411835
169.842109028478
62.449815218364485
-120.30959815849928
-42.14157432626906
63.45692760683791
-60.962730011767476
54.49957846242527
328.01398949212444
-28.009812290341536
-199.07838002291376
-4.327281315777693
-70.26549715805835
96.0713243382435
-35.32213285857538
185.0191926761344
7.278983428573189
-11.732186439642938
62.094555972946765
-31.538552620696898
-103.86420820139935
-24.079840544258808
-61.83569218816169
-2.4983615738640257
191.82423316472492
-14.321268492234342
-35.99289226258535
68.14542805639579
26.47403123036872
-300.1705703868624
-55.45090072345134
70.01385966162542
63.53307197820705
116.26743520793032
6.469995071282978
12.171869021182314
82.59066905676488
-2.6822497389704107
-14.089074390851366
29.169750266983304
280.8443778058533
19.196950212365202
-56.24208928952024
6.869752462787696
-186.34785098393544
101.04600698152252
270.83581666606017
39.41060687371739
3.0437873589503486
-119.82323357036071
-264.8627870321409
1.889668880425523
-29.627735780238076
44.593166791225656
19.008536463870406
-215.85813910001113
