53.679726226670404
217.50909182240457
45.614819436211036
-77.94926005265074
20.16236251791794
4.436573118459674
-85.85719936437296
-70.29375462523362
183.3598785873272
141.21016243289858
60.90775796583811
-8.153420549693568
116.9669963127155
-113.03836943755704
95.60289392446919
73.73391821853113
47.01012399068461
-82.62240281786036
45.63834597627095
-42.967438748672954
16.22502839645865
-52.9033482804987
63.88590064615977
75.71216938541498
138.72182187428075
344.48979922822326
-99.42722717520685
20.35773233715301
96.92125947345369
-86.13641916245251
60.25943636526547
-25.69862464303077
25.88693484504379
-4.525130653196458
-79.16997782001233
33.65899066734276
3.1923349270281145
-9.838808157971698
27.063510600368563
4.13295555448522
-189.37143997365865
-62.82176547655551
66.9552283567728
-64.68673379189795
196.66772881175226
-18.820937185431035
26.646169308357777
-158.88757829972926
-26.021178914480295
0.9470971305265241
126.1429221453967
-37.9027578005279
2.4515968350206965
55.37345244586376
-9.954177863900426
75.03134337173829
-184.1968768683609
122.54343219995366
73.41096156298845
39.674744906943886
-85.26993030919401
54.27847885653257
-25.35028092300636
-7.776393654129738
73.99225639747749
-9.234923144147071
-97.55418881360075
-51.9091400920859
-151.17200479522614
-20.562020519089643
21.65490271528498
64.70558967409629
18.403886540017595
-62.19858970447714
142.83276412600284
-33.47693605324201
-58.479751537972064
-12.551223950808396
-2.4845836514933186
12.423174923018692
177.99013053970816
40.04870856072553
-82.35634398787285
-33.437092885767306
60.50265665631443
-1.143761282322549
-61.991449891241786
40.68346550390714
-145.31285469961924
40.71500953206329
78.4839398627467
-181.37722161401157
-92.80807310005373
-121.97259940561486
57.151708127667334
-51.92114459163436
61.47383066748642
93.56234880396453
33.26075239228288
-41.63948921489553
