86.23996020377132
-15.531530651333163
22.230496272077204
-39.07802425928988
-85.23474639232174
146.8128125936064
-2.2563325637947216
-67.79010323490353
-153.53362095975956
5.5067283457037695
-12.148691498141556
131.56113184915776
154.83253650352935
-49.62549842324071
-161.34566013595008
-285.8548496354992
228.48756614869131
175.64551521665337
20.464220463164587
-61.221382909733876
-48.823952398912446
-118.67108082900438
77.3798506689428
122.71069958462758
-150.70984932336933
17.594449739385933
86.89212987709293
-17.395164826689957
137.56726590868232
211.59209201479453
-82.86529189839307
-79.25269873282808
85.39576122249296
63.049879554360125
-127.85875626157244
-91.29901802123045
174.99450761677747
91.52122310402359
131.6284322830898
-74.22727691131166
-4.250842528219151
-47.72281333270859
284.1136572941074
119.58261255122102
32.18590170581251
-32.52204739863127
-96.68624913466007
-75.57380069810335
83.77235068381354
128.93183699971127
-32.33109186576312
64.92101706688617
160.89208870327542
56.181237556741635
36.53714118436549
9.873003058866592
-43.09600719215191
-2.1764585892208004
10.795029401694997
-92.73095468600644
-34.815979202920644
30.49237782532877
115.711428565869
86.7112944270558
16.996526757635472
103.73988992736754
73.36609160627756
116.60812710847571
-108.79117722459223
92.0264171704091
2.920207425027577
12.853109473986617
-37.78777100683246
-29.535248048598262
54.88101059904056
-132.00212001630643
-59.385060984346524
-33.88837723577316
17.17868566820365
78.81397284931259
100.63088744406265
214.6519933635833
-68.33109067880962
166.5867589895275
18.611844555380454
52.52535808498716
24.410715843722684
172.10441328859588
64.28551692144201
227.65111961235917
-60.464997561752654
134.5951373872095
-70.00675616794042
47.297742257927816
-70.04487532472908
93.65834116651249
34.15867660857717
28.74192784944799
-0.7347662301637605
-0.7670839407672201
