52.183876256773644
61.472077857392264
93.85258664714159
-14.43279428027683
42.38504747685083
-12.145258071126687
16.507922696480662
-118.41701303220944
213.779220822739
40.312131024066126
-141.1975539484119
-135.216352729541
3.5073473764449954
-42.69974197630094
93.62194058122203
-126.74836248934665
39.189259963453026
-34.78603984568059
86.2599586590049
80.52203459103474
32.756081889179676
-103.65319394955067
-32.42609348303436
23.369068473845616
-189.27062755332975
-56.74196876622199
25.16336080011301
34.2529639069826
-41.203334966110766
28.003521064683785
72.22775916374039
88.93434873215845
-1.513105182749035
146.9342669813226
164.0088002965936
-108.02643583598187
-1.9348494345372416
45.85457047413282
-4.950273416862206
155.10686134403565
127.25210895169162
-10.928539581462445
147.05721440571523
-58.02058996858216
188.25762856327123
-10.301488319296897
-262.8663546830643
32.954008997148904
54.26782670760964
84.90006211304299
93.30843340326513
31.459842868560134
11.038054808093852
81.22893904915604
161.14188604222966
-61.71803043230652
-4.039503643503288
-42.15509874878889
-101.83949549294239
240.36111816533173
-86.7701745066992
163.54545814150987
76.90943898776392
-35.36908098910848
-25.8313874386697
-13.760677775664917
-33.50209395612964
21.61846079393373
21.425498124942997
-177.7991861135758
18.987070655403556
-17.823150054340257
13.767471972958665
-172.99794795727178
-13.84719974359837
-93.6005043735528
21.265370659694284
60.931867228499804
121.22950867336301
164.52428354448992
-10.193822284499237
16.867433028976627
61.38838811671293
100.21664997221632
40.21015499820196
112.09570790747944
32.97744876613466
62.01364758010235
-83.23028605819279
3.743677387954776
-78.92006791171329
34.41759524788269
45.05059422475998
104.67167857887475
-9.992065986097522
13.233200746812848
-34.71819676148227
13.470639575159932
-16.653313714853045
-137.6297831878684
