-30.384796105101728
-48.203275876370455
-84.90794697716841
-43.083358910838164
-7.09490543524759
-119.26201658900067
-4.57132498429824
173.8176657507696
52.75994381643021
117.82663716578841
178.85463512788442
100.65574764784581
52.95613205459603
71.37988653505144
-75.14851594135247
9.275380050024275
-32.293277667129416
-107.8515752167722
-107.7351920496537
-129.22649716479816
-37.59440588625312
79.00614989335628
73.97638000233508
131.49857499343648
-130.10095195671
71.4708213361161
186.09910438198975
-87.74489955768692
-2.734241438403563
-25.097045766704014
213.6819750116308
-141.5649999370754
22.658918683207137
-91.69560681039054
-27.01975979661927
-34.33433403474136
-18.12621993014
73.10106623783767
-52.54531638866027
162.0278111638205
95.38181558596634
27.28856392036145
-190.38916924582009
16.25120509315938
43.235352030745034
-5.6665970959665835
145.50215780737187
54.28034188633355
-96.57206032981921
-17.564033964641084
4.1205546195836416
-177.9715526241876
-99.85031165955344
50.87193653447401
150.29904788141673
110.44645221863773
-67.40432305969784
-180.74234164709213
7.633212030703215
-58.55067983754985
-45.54772895879309
-13.62665758651439
-250.18122732651898
-46.387146888433804
-74.06734147514265
162.28591736870428
16.327703667500074
130.35787163445048
-20.339198136520213
38.309118408666826
-25.653734886706637
56.67186727782251
-111.66308176937643
-128.5429334345004
-129.9713399183227
-1.3201384290992362
15.946364396064139
6.13810221055612
58.844427650358206
-235.27263553179606
9.289465793174841
-78.96197564937945
-31.483812516476668
54.263455172683855
-74.25963686964403
111.90798374268124
-121.61185303427644
78.91969309693958
38.03776256309213
8.075167937512166
76.38103269872443
-72.72394710595428
73.04722880738268
-60.35167337624034
-28.67570723761287
3.236153878967319
107.73680125830845
66.20770747263057
60.62715581045363
68.62337724342473
