46.95028507256886
1.5388438557965625
131.0702573797364
209.8389137903219
14.814449808358866
-131.7876267749961
97.37653417739618
-88.31801341764348
-4.429368330339445
106.15489424106045
-59.142258987960176
-51.84277165179446
111.88449525436405
-124.87701075568262
35.16464727997803
82.86007672964786
-17.636400901434165
-101.55461437840334
77.92491790627176
95.40979656309699
-31.602483033435824
-3.788035755875308
108.1067258964694
-14.157124063005764
205.79436752746807
117.42778580797439
-117.55008084219801
80.89181901063779
-5.471436322824401
144.4852851739113
88.94957892145428
-80.77553463508717
90.15582007546051
-6.215787821748002
42.26324795388603
112.1067114987584
-59.6499456852159
205.01405133543886
79.97310641459872
76.2163688833868
9.184618663615447
-82.88685205424409
60.08132594052449
72.78095802394256
-102.9079323683403
-39.11767321448195
-121.44748756130332
138.98818812296523
146.3449199899411
-6.743443200377602
-111.33100270010708
108.26479858320586
-41.83176827027785
-64.29512306221191
40.47676478282296
2.652942625786622
-45.48977918835318
-128.88990677088046
-200.91205418243467
90.06928362549635
-55.14055490584761
-13.68476167424981
-9.246375616565963
-238.92753504725093
132.18082106675553
-41.46351505175991
35.46879855822084
104.9709149473732
7.795846885067373
-87.13870222090767
-8.921871588309184
-62.301631847379824
7.197476403843213
-67.70300222461209
-68.09053505407275
52.20515978298272
-69.59068387772588
-53.938749434259314
222.9945448810427
-217.31337096660593
-97.31843767102802
-226.6728210662286
25.975356739495627
-98.31188927664344
173.28851897808443
22.841902525585084
-32.81462298979365
-39.79889257703046
58.975467375004264
43.29203151336716
-8.172964142431098
-3.1951218390916107
71.82047839562077
-102.8218206394142
64.79229012940782
-12.53832772048073
-52.44476119143414
140.6619869754454
214.88825422492752
-87.69329263730422
