114.19189967224955
-108.68847120799808
12.615927651702881
-39.986548580359255
-62.33939607714261
-88.5833274967731
90.80624692308739
-8.357174359980284
153.48958590921256
51.817414461594616
79.6177076870738
58.872228397799425
31.049827852476234
-8.55989653964054
-39.72089488842246
-95.57331641133112
-7.2621443838490904
-84.01740269948867
-52.24666797420595
16.29753879193879
9.579112948779265
63.61458264508594
75.80124315950047
-18.20558845883589
-30.654207253412984
95.87581988260183
-161.24169073782426
160.33705276013757
20.84341639239994
56.90296169774928
46.85630141782681
89.66521457240664
175.0475734720527
-37.132517262860866
225.8601031124466
-31.747935788528693
85.9850580357289
-41.94152132843276
-25.798320004241475
-78.9375200715099
123.24477370012622
68.86064332878811
85.19292415966414
-75.60336122292426
-100.92041335827487
68.93324918394786
98.73195485955682
97.54981785126552
-17.796625410441116
44.18939287007564
-199.92824945444974
87.24320039117652
105.38701346850542
-23.070260366565073
22.013628895729415
-72.60001317286684
186.49978201551602
17.33318602645865
65.17558836250535
-75.5892795941179
97.85361942052918
-75.49297153621325
89.88535879556558
74.14988628674548
46.00723084852845
107.62233561449764
81.50197896318139
88.20735407137317
-103.3768833367143
178.18206955924788
44.2400365058043
-8.173703403914164
-44.39088092070722
-52.202605502341456
45.973957230839
199.64424476338397
-62.465770740669
35.61803897717583
121.03328525060138
62.64944104537125
1.138902162672382
59.84398004400815
-46.83813074851805
30.42714342726053
-32.04114241887839
58.269991994229215
-51.189213661652694
-17.6350230581357
-177.86232351258911
73.63877043564719
-42.10699277120662
105.23156801034254
61.81179140604266
145.70231670609328
-86.34620540545198
66.86810592537248
-38.4216987442596
12.022330046048713
-158.34335275829156
-40.29049770723722
