7.228867759029012
-84.17878981617827
-6.626084095098928
0.06737980347355155
-30.193667187609712
-39.9136841658517
54.958717755494234
-118.7240450041721
-53.13777361856734
108.98317183800161
3.9135517040902483
-189.43222141972188
-188.47641215144984
-8.763213289600017
121.34865387149418
18.20163234443383
-124.85272885480182
-132.73673201146326
-83.80206354902188
-52.74961035253243
101.14451037102418
128.11497418061685
150.71822537383386
4.311905960955056
-30.945928742322074
27.36645158122335
116.90542086047175
113.64323552721983
-35.12051109139503
51.53482563248883
83.75002488893891
140.72291627250397
-92.58161608124037
-114.1091014609609
-41.82210252210487
64.64374430862225
56.00672957421841
-106.15896004593205
-24.15955973820831
98.74871225653396
3.7263469621827534
71.37396229574921
12.755481209995924
31.148291129630337
117.8932644081107
-23.80754372075596
-10.846834386128993
-25.158418745860168
140.37527338440006
-61.276769628622816
-109.50205763967145
-53.793865771669886
24.597906869310737
-43.17834496257073
108.28114085946015
-187.80127141202294
56.29596803505543
-80.17176910103292
61.415275851441834
-20.16360615929821
147.3838948140731
-24.146409095610267
-89.06976344313667
-20.433360640295458
-121.8834425171433
-114.73999115003322
21.42436604260022
-60.37439673074388
-189.80007694110753
-21.759482102151093
228.39031407400097
68.47845077512159
-142.52608894237153
28.86036323849743
-44.1236116319847
88.59988515707327
-115.06167785842554
-79.5434747237825
67.2845907642471
40.087041682852146
-23.909017786954372
-49.74747540311844
11.470957757734919
2.053821261416961
-56.07316379961972
102.00775148672713
-17.342864417889164
169.4695942086013
106.48980983523204
-9.071784431526641
-39.65982326174761
17.875229576367186
-68.18542016092212
-71.3782455862192
12.980578647473767
71.37241274478444
111.38499606988472
-20.18458599050988
67.24195898073611
-20.799143346831602
