62.471865517607874
112.39344922114479
21.255284090355715
158.79792693123443
-34.13648266358965
-12.2328111881328
-38.55860577773707
-70.30657655449544
207.6613351684414
-20.014568764143725
45.85233533089578
-39.03243384264629
-174.51925545746667
91.99318626218374
-71.54719910399399
21.108421703914868
109.33632975961851
19.16317291702255
46.87643967358272
-39.621823998895756
-16.00019273374349
6.012338108603056
107.0816597987691
1.2565846290518063
49.45364185302774
41.460053051859774
-101.18344329433813
-78.68162304136537
22.735676113198032
-107.70032221987275
126.7708275032335
-36.563622058321194
220.55697744358716
40.34668481590978
-83.64544976362639
-104.72847767407907
20.78480314710714
68.38461676348479
91.4912000776689
143.7146534548194
63.985854710618355
154.91540177883323
76.82965784489123
105.76632783428329
-15.165802356429047
42.429535623331
-32.959239394246076
-28.312020379062346
-162.9536286521988
-26.775422060948323
-49.69983067013869
-72.85309375952102
115.48038771610632
42.94779339755193
-42.680095369831434
-159.14727011203547
-78.22400404858371
-89.4831523282765
39.90652687645159
61.92829500811369
28.346490776415866
-156.7795559411794
-201.77804059822708
123.68303188175022
-139.00460481640064
106.51506274946942
26.244167151610995
-17.441609470590144
-42.62824069639967
-20.417098599271732
152.03537334693368
-131.84880988177153
109.61156865920707
80.38600191011739
55.918666529850086
113.05544961207364
121.06842954649092
86.02247320175128
18.02047701458635
-14.860512693536531
-28.793498255986194
59.22347465007923
-5.185737964409729
99.44436160762116
171.92665282475133
-68.9764066205725
-14.614690631122428
47.796611515481935
-44.163126570422
-129.31571246801693
7.557623541935993
113.58025216203298
-130.51093148493746
-91.87715595921271
65.46354948156204
-11.386386875057827
-39.40948495824096
-131.30845204731492
-74.75036267770946
-56.54245848757094
