60.483708220895615
122.27630440533929
26.950264994262774
-62.99798463405884
17.523971091507363
104.63259654099959
145.29931185068705
-56.5948412736945
94.27951921059076
45.82514996104148
-90.37073274602808
-78.86277254758936
-48.38809394947814
-146.39254977216513
65.06510841475347
-157.37000509488195
65.79712655338781
-137.34272391817217
-70.35601272920265
50.92524887452732
-7.546928034618823
85.98043932761307
-73.71713849493307
12.148125033403133
67.18020708925212
112.01864860711069
111.37318764626062
-85.00503126109871
56.86176517048703
57.73873660036889
94.13043491180132
-106.31788598738122
-61.430896781318864
-40.731261730420286
172.3139118868103
-28.459275980022774
-70.57469267985563
10.581220414705387
-31.298648324298178
14.674802427325844
-35.69454721549464
205.53021666290863
-20.170469607667815
55.93630848323728
-1.811103384201699
15.786366565493367
28.487712523879317
-281.19923899420314
4.171946827914264
-40.07207696682276
67.32719556524782
-137.28899317471
40.44502175639707
-60.395417403266634
-158.89003123525623
51.055941871303894
17.832785008494803
78.43593229382721
55.53106425862072
-143.42694189089383
89.79816519135898
-35.71411644758207
-143.19008741482952
-148.7074268238659
119.5527937381745
10.258267768260147
178.13451337349045
-7.923849124427761
23.285153399578377
-61.02745603541024
234.93206970364938
-94.20662082422416
65.47181665970521
-31.012984996942123
33.03042694045887
38.87379582283319
-15.336644325166713
237.88767446795654
55.58702250721711
-166.47236600820705
-10.171771285424192
12.317397806836617
2.746924472368219
16.113243130411043
40.652983841078445
-58.419848267296985
34.730125407634105
-92.52002325238453
-45.824010086263996
97.58351107034478
-90.06795510656914
67.56138629332787
-44.29699403250221
65.90568285535988
40.49459460697358
142.7300601206514
-129.4694539328286
-177.10224957383826
33.97000516662878
-124.61157814135854
