39.316044247381825
-246.77278780595202
-133.58582880152912
-182.34512375513685
-102.01017612086994
-104.80937792290908
-153.50553372588587
-168.55689114986217
103.6248819573197
-95.2084334502122
-36.33553087865736
55.48159475389039
-159.69619895826122
26.39394926982464
-120.35242876988335
-8.548312464988971
-197.2223843558798
19.67098863730061
67.91319173460985
-55.28705412494901
31.283645665562315
-118.38823510501427
33.88925987035172
53.27876604916538
107.5600548383153
8.2632635239439
-48.69648801636858
-44.80004434155449
7.890332537855757
-8.996504627988966
-17.231322961433502
-14.964107351834777
142.0750249879841
74.12566638949731
-121.68283278040258
-107.4046285087905
-199.21949217785175
137.3415256208791
101.86619585421222
-34.20869314241404
-39.999946170632406
-39.54571914632873
-27.17585487689429
17.191873665356336
-35.23226796399107
-39.08454240162528
-37.545593234228015
51.61591115332741
52.2753844279993
-112.72009522520688
-10.89055586483548
70.85274714074366
19.355768045509368
215.152562540841
-73.53198832653192
-63.59610230499159
62.705228331253565
54.31748548002037
-10.232897371369425
119.49784326844016
188.26092877120095
-41.19360469758644
-53.09419682040684
125.99375568048448
-172.77132193906203
-95.19922843991596
176.98169685299655
94.48422868726568
-111.47101134001774
157.6499649154612
-186.76997593332683
34.3976289273961
61.62124412010064
186.38727881312676
36.07762771501733
-53.60674461784146
-22.692912899642586
52.567665977115546
73.108396101783
-70.0003684250025
126.18984651017878
-168.70420319771947
-36.34564094482164
-153.52583513815227
79.7760790644413
-4.127473702772139
-1.4746346478334598
8.102572391114721
35.659462533994564
-60.20223088945259
2.550611751141237
8.08566915594664
70.221039995787
-168.77409145318282
42.84159845274692
214.49194844622122
-15.979216570141624
51.64722413390082
129.75662531865066
-102.58470287692164
