89.75709466812665
45.416747297484214
15.071998116308379
-28.359324840348606
2.0964338556859055
-136.0018732881208
97.21736722656884
55.5691259156958
71.06668582287881
-52.97339923027517
-65.71581792529788
-84.85762084189932
-2.5177969352391525
27.563845307444968
-62.25920018082026
-68.12565324104072
-91.05862115240187
-47.86996507929092
8.776824201710873
184.28710747195467
91.95604152101863
9.807648046084417
-38.078347006849604
72.9413617254722
129.79093235100976
-67.97912773606069
4.042292392081568
104.67756304630971
-23.799290837483767
4.098766436830061
-140.2253371434442
50.66302450572515
138.38537937238516
58.96378137599206
32.36972128401335
-10.947410040971263
-61.8600152617302
166.25172942756708
156.19914035864122
39.929190047755256
-141.7994310020339
100.36231389155044
160.6590622474399
-98.59154304930097
-65.7332735886381
-58.43272414784721
-19.83659320336369
-64.73358876067283
-161.81755196070836
92.70136115780711
7.489635766732521
85.8844825818027
12.364625668195849
-24.83343650147141
-46.400104760279966
11.168141214200276
133.63044786161447
19.187903178174825
14.194273412526805
18.19045345352582
-104.82535735174136
0.016668807081499537
-32.70973331546292
28.13430330358072
-36.40278716650968
78.67603626349319
15.891034174550875
75.20931230464893
35.672592392129005
-153.99558421740363
-57.71777585053762
78.77185319279081
47.49793895882075
-67.19955506659872
-229.3645327805978
-75.16914932325184
-16.82207906229019
-38.231170809263524
-189.1254608714503
86.40416145180905
73.95225851721665
5.728338751041308
-157.83460692043266
75.36365347334821
46.970620966757636
-95.56566908809504
-93.10779951120996
64.64762001109368
-219.77619670392815
-72.15400667726708
105.24863797080737
16.64545873533206
-122.07120515089602
22.857728820753426
29.54897503439564
-115.09348646879181
49.9151597718494
-157.7505548364702
-41.754445800720326
5.622204711180019
