182.40465758021054
153.1832115710966
-94.13009300381238
-92.66463049212642
99.80056522679398
22.55599831721051
-103.7609580530551
-1.4549336572298035
115.39463175855761
81.05046111870674
84.56893291078599
-62.84017197477843
8.34708239176484
11.69447267842799
82.85265990899495
110.05365253668393
103.40039782004125
31.07759331186837
301.9952970932451
53.07674575255976
62.6572346642486
98.00884261501749
70.49442541621812
-28.498336432802226
77.66988737340381
-89.71134693212079
-43.893167537208164
-77.4610599508209
-66.19605657764473
152.51990590601028
-122.01038769018444
67.28340433406704
152.48225806817607
159.24524724532776
99.34397246871468
-102.26251594217578
93.12409632997101
23.77998445578328
-44.99998536576243
130.35252885532202
93.91582243780931
-78.61555825032032
-117.60121825954944
105.66506174389775
-74.83235617661481
24.19975897054762
22.555223927953485
173.09401028220057
119.94237745946968
-98.81197990498046
-98.09572769567171
-113.75370055312315
200.44150484022816
21.747214347718902
-59.11900041318036
10.744432759405337
-104.62445653839698
-152.20236292770403
52.250684026085075
186.8790165267613
50.750287514304716
-93.23908936580182
13.217137621241172
23.86714717928401
159.34163956756956
41.15025723711747
-150.71673967813112
-125.27873388610391
-50.03778186218563
-168.23569298350853
139.86977531845773
18.780433709129515
22.128821210630896
-39.679041474055694
63.07720502011528
-127.1731623366718
-30.98288115173287
133.9259257545566
19.66975752855822
163.34263073499983
97.06015356211104
-119.95776984093979
154.33266812889053
-150.673037118738
-48.79511793594514
-44.042708450531975
-44.89704838725057
8.66903960544735
-110.1627719036594
-65.20808894951799
210.24515095771545
-28.362170986179848
150.92507106413296
-20.73842996983146
72.74098797553273
14.635327466977367
37.53203290565044
65.31072950724575
46.938172479159064
10.006697849527912
