199.49568816564894
160.00118956240797
54.29009592095143
115.78540939346132
-91.74186752190431
43.798096964250455
-6.969353895460166
33.54685676898171
-18.00827457733927
0.6967261496699688
34.075560785123585
4.827293630323872
-114.66247533828574
181.63316975945392
-50.071490131025975
144.38005959686222
99.50078566730164
-96.97205610314231
-90.62760329126255
-145.19261086174464
-8.32642300800429
37.995473047306135
-13.267748841835303
153.00279236653253
132.5190895937128
103.13853265531607
16.636907749421276
125.09454640309261
45.894214821220096
-162.05857103433164
42.4196046980783
1.5240936324094783
-67.15942268593298
-65.96775346691683
6.934991700696667
-77.12825756524299
-13.245899086956474
5.285485821132124
-47.48065252945107
-176.1658719700849
-166.80153034333256
163.69279339368273
105.927201491248
76.58099919515014
116.15327658033506
88.20463661870754
-72.07538779242022
50.821650616223934
152.31319012905396
-157.43457484244513
89.76742315672224
-28.75226841337554
-100.04024525274801
131.655246617413
65.82216523333852
33.030422254446464
-32.82033479511891
130.09861259093083
-124.15324187643364
-22.296359159355347
133.1637395988575
144.50123454008664
147.19158018885028
-45.68785089189746
-36.613158347000116
-21.270446452256834
-3.6342365361803193
42.07275908234066
140.31806550020048
-31.577455081648623
-19.528923394528196
-6.730927846697568
76.81545664500584
148.80029169714493
-92.48839013678976
-119.06498279895916
82.25421494651854
-56.43078040810285
13.939018458400477
-37.76718369494238
-55.2188138599839
-79.69018101816799
48.31517145907851
-110.44202628751248
-47.04443949726452
47.944620297427136
-142.98147037717968
12.9185403541948
-56.39245232462771
65.86462732276641
24.554271493344046
191.93236755652939
-186.57516336335442
-207.0893636306757
-47.91878272510922
32.21218753212744
-186.86155605788144
-92.74665294265588
73.77113805907308
-2.9188364192756477
