-31.07911513871371
-15.410887756682726
52.18905793045053
-22.8381037271637
-140.8888054609754
74.31621847619256
102.84347134291144
-93.35466416448347
-53.75131671300922
48.97772350310639
214.62562525319558
19.84304706230208
104.4845496194946
62.15845711891664
138.7779840357518
-194.92496896200163
104.61365374934736
55.448126582915485
-39.24161661978716
91.91854242322667
58.15852612577826
-72.92883834490829
37.81409348506695
94.83292155602777
239.37641717078722
87.02282890943486
-7.791005535808054
16.63885819574585
-71.20007925175078
127.42906200163642
101.04553490568458
-84.66535644600954
71.26442827516726
63.35116542718833
-54.04391738126924
-138.75974722170258
36.80813599813038
-29.253781875376617
-13.658988229567974
-63.85943817797951
-14.594214371391939
-124.95609907057141
111.17473523944594
54.515040124361214
-30.705923431394346
20.834023575329475
-37.34538631636403
-4.13611983210834
107.96688380788945
-148.14613341896802
-28.718410342511632
71.41832069061579
100.61170353606232
170.24173055009007
-38.34084031003169
44.68237285793256
74.71260776035939
-10.88324320698711
71.02442768003098
-51.05436457815722
-72.5294751234536
-34.872760885513685
-25.11360039800848
-104.2604821622204
-56.576867507993185
12.38061701453253
-0.21234826869191004
-12.127334430303979
-29.59226811515213
194.74262814013025
-5.08527128643774
8.11893168446093
93.72224319162505
8.517400232355678
-60.94737778357897
-78.15121699789323
7.003742012287446
-52.392468969509366
-50.44252094122328
-124.47136823775398
-76.27024826383926
-55.799608640238944
82.17167151588991
-3.519285900270525
-71.45492778839281
-143.75834892670574
230.7510717239657
92.69169730354331
-18.304179812084406
-28.87999334817664
94.98710008759898
-32.02426856511241
58.50847816124973
-62.59952869877637
100.59956172261292
-150.76623393446846
12.649728119653211
103.54406550024525
63.237854891613836
-84.75801143088374
