-64.00007482184206
-65.41485723030549
-22.755073137842714
184.10899113379074
134.44326001394987
8.290180132713107
-104.48401558631922
69.15513131965356
-36.480430044912936
89.96980015015505
-140.47027910743117
13.8079136637193
24.990813158389216
-64.9146089815402
-209.61885380012757
-98.56881364243243
-7.013601489503213
-121.98843756296333
-25.00092411929075
-105.7334777650686
65.50597131024907
-171.82280477985182
104.12779396157315
91.03782326186854
-105.34195398053816
157.12057816957687
150.32340670217675
84.1054116619028
-104.56838797794155
90.24534999656669
-44.29721670081774
-17.01636184096177
47.18163696198029
-7.298773583788904
-2.4484399759531232
2.482752697063699
-189.41807316718075
-212.31557465886652
-108.1695615479528
197.65428407511254
140.37287951612652
-104.09874686807609
25.802179876100894
53.54403308982799
-14.404151688943944
-77.65275395978523
76.29026403501143
79.34398634798711
33.62021689427646
-32.633977941369736
59.90600557302936
-0.6243596643973977
-71.49424822173785
-33.05648956589295
31.89737270581351
138.7125979839284
38.612964816412145
32.49812982312696
-249.16885487345473
79.25417291689347
60.82109484319825
-32.06664261792981
3.100578077478449
-107.51122053796033
45.82120886991488
8.964628405521271
52.56502781337236
-70.00529305384781
70.30380816617291
70.90745879455528
27.037932600471056
70.86748272388812
-9.085165691717062
-29.379295512469817
-217.75272650182933
-91.11748822790601
61.6281959754616
33.64612380579584
-81.87485861807716
-102.38137469943972
102.38887849559168
84.70691303308047
-68.97766738181923
293.11663662646214
-120.49063619404123
92.1189912027128
41.53760234831991
-55.74153125789823
-7.476721599997269
-58.419767721702414
64.95333457802946
-27.602670743648083
61.64175831023024
-111.73969160590379
143.46633775996247
202.2467040320547
-194.7072950427099
-278.31242517747324
110.21206868917022
78.88419098772167
