104.01383537265264
124.37916254059684
131.01025361937906
-162.86382469955808
-193.45064827833542
60.21577558678785
-48.39048846223939
138.7826645018329
-80.22845910654824
1.54001383421922
-38.08799960477578
74.4021384836104
75.9841917067616
104.42633172353958
132.63704273678198
-55.40216303889517
169.64475558985316
60.89381424368978
-119.38461928905568
-94.1427378588569
-28.16222287577395
231.606036315565
68.67392627197476
41.03499591088402
-123.40806604789742
68.76042051749332
-146.3950359629057
-97.23832598082672
215.90136165927734
-21.060831647216364
-69.26937434865337
16.663806844654562
41.64835797269474
143.460727237479
197.70143057423044
92.58215435804188
151.08247212769766
-50.56035565188523
271.2359633870233
-34.372481055669624
-80.41446106630957
1.8728250018553343
10.430003343298075
2.689044074409348
64.46527076051109
38.7665059707981
43.69487160630823
-23.28117892035307
21.541401229781464
-126.17164116231862
-9.288751260341328
-55.85895971156181
-42.33078700606146
-4.421933247279572
-89.24783297454147
96.63792243153054
-4.481550942387155
24.716329508288457
69.63411504395899
271.3540127735241
-44.49505149544548
-16.852335998794292
2.8317610488135836
-155.68365957280784
-128.58167832445747
-11.992949943579042
107.07219332248533
-108.63077496827705
0.3443537477951981
10.007334217724637
-35.06368721439317
38.539185307586074
-84.56248089888973
61.00305403240944
2.7105025861074807
145.91589745457208
-19.319253434873644
49.97605030680384
-77.04471670834818
179.36693457249928
49.00429671851119
-38.31647153814421
-42.86279949839822
-84.08839381330138
104.18723372259541
86.69079225898814
129.93169827296936
148.52820602408872
-111.7623002407078
104.8060517049632
-77.45158677166785
70.11528809032487
8.435560257690774
-117.13822184784726
126.79833989849897
-76.50799893831302
77.94471680680523
-134.11468417834809
-53.40055976757244
-189.78299500825835
