-90.54288520807364
3.5772638366282647
-74.74523745951977
39.129228702939365
-76.33318383073534
-31.325735925530132
-64.78235261350594
82.66466601274328
-60.06283736608505
36.81029595476677
38.24278242931137
159.1424356640074
36.83734568388066
-63.30258662811177
88.46687246397221
85.27830522201096
-76.63387635122506
88.88333471838715
-41.834601757246276
57.50125178243815
-57.50895326105963
-12.126889553603561
13.178932663826142
-29.23037211792618
-193.74672043686616
82.14568596763759
-26.961309142139662
177.01145277962362
-0.9216922438416457
-221.26287156555048
-198.80352966345032
-51.42355906125927
163.9349495937342
-244.37843275728628
19.698258880729185
154.15562287657164
-60.55184740358011
22.832432553431588
158.77753924177046
-6.646087075922086
-83.52554893886911
-33.96211889789714
-83.64947953612366
-37.8493984868675
-102.72511722046221
149.31028037077155
73.9970064744102
53.4339136965901
-41.612966783625744
157.41191224249943
-39.4191951320467
189.30048440861736
180.380688334723
9.796182245493045
-79.83758176499563
113.77513245182388
-40.060572977115946
-132.46867388056344
233.33646449435798
156.16784616504384
-130.8934392825685
33.96773454240835
102.1053250689488
163.9959901793395
1.6115276116508106
-339.17631860595
-27.661010167481436
-13.27503291306629
133.6732279422531
-52.24882434005421
-77.99555341921908
92.13161981550765
23.98924986769634
-7.231503375630741
91.26614661325117
-27.22776186765718
-90.32179480897663
-111.65356820005344
77.65329707406333
-62.53759578128708
-114.82464750180631
-88.47269813547565
37.905630762385066
0.21710358621090897
80.37566003097028
-105.24964924293542
8.846316578567638
101.59434519784733
27.034959917735083
-81.32370375209607
39.12733801232561
-85.4376235846898
-33.94758833252823
-16.598873833434176
-10.789827563007282
-18.569062198463495
-138.2822862843103
-0.3313855136739985
203.19882643479218
66.88203190967363
